   1    1      -5.730599
   1    2      -5.203352
   1    3      -5.315444
   1    4      -5.531084
   1    5      -5.803595
   1    6      -6.111468
   1    7      -6.442248
   1    8      -6.787372
   1    9      -7.140229
   1   10      -7.495455
   1   11      -7.848762
   1   12      -8.196938
   1   13      -8.537829
   1   14      -8.870228
   1   15      -9.193690
   1   16      -9.508347
   1   17      -9.814731
   1   18     -10.113651
   1   19     -10.406103
   1   20     -10.693201
   1   21     -10.976137
   1   22     -11.256163
   1   23     -11.534553
   1   24     -11.812614
   1   25     -12.091686
   1   26     -12.373077
   1   27     -12.658250
   1   28     -12.948503
   1   29     -13.245488
   1   30     -13.550050
   1   31     -13.864900
   1   32     -14.188700
   1   33     -14.523835
   1   34     -14.884266
   1   35     -15.239807
   1   36     -15.641798
   1   37     -16.026928
   1   38     -16.285317
   1   39     -17.223985
   1   40     -16.935702
   1   41     -17.361892
   1   42     -17.146609
   1   43     -16.735296
   1   44     -16.958141
   1   45     -17.544641
   1   46     -16.923582
   1   47     -17.500825
   1   48     -17.627738
   1   49     -17.874748
   1   50     -17.836849
    
   2    1      -5.225964
   2    2      -4.395494
   2    3      -4.213415
   2    4      -4.429162
   2    5      -4.701763
   2    6      -5.009701
   2    7      -5.340521
   2    8      -5.685669
   2    9      -6.038538
   2   10      -6.393770
   2   11      -6.747080
   2   12      -7.095257
   2   13      -7.436148
   2   14      -7.768547
   2   15      -8.092010
   2   16      -8.406666
   2   17      -8.713050
   2   18      -9.011971
   2   19      -9.304423
   2   20      -9.591520
   2   21      -9.874458
   2   22     -10.154483
   2   23     -10.432876
   2   24     -10.710946
   2   25     -10.990019
   2   26     -11.271452
   2   27     -11.556622
   2   28     -11.846928
   2   29     -12.143807
   2   30     -12.448706
   2   31     -12.763079
   2   32     -13.088893
   2   33     -13.427081
   2   34     -13.779089
   2   35     -14.145886
   2   36     -14.526412
   2   37     -14.948467
   2   38     -15.391388
   2   39     -15.936890
   2   40     -16.517333
   2   41     -16.934480
   2   42     -16.561226
   2   43     -16.548538
   2   44     -16.506178
   2   45     -16.393930
   2   46     -16.703890
   2   47     -16.484067
   2   48     -16.525423
   2   49     -16.530722
   2   50     -16.848933
    
   3    1      -5.338055
   3    2      -4.213415
   3    3      -3.688174
   3    4      -3.614110
   3    5      -3.887158
   3    6      -4.195412
   3    7      -4.526432
   3    8      -4.871694
   3    9      -5.224624
   3   10      -5.579886
   3   11      -5.933208
   3   12      -6.281391
   3   13      -6.622285
   3   14      -6.954684
   3   15      -7.278147
   3   16      -7.592804
   3   17      -7.899188
   3   18      -8.198109
   3   19      -8.490560
   3   20      -8.777658
   3   21      -9.060596
   3   22      -9.340621
   3   23      -9.619013
   3   24      -9.897082
   3   25     -10.176157
   3   26     -10.457590
   3   27     -10.742761
   3   28     -11.033066
   3   29     -11.329946
   3   30     -11.634868
   3   31     -11.949323
   3   32     -12.274755
   3   33     -12.612977
   3   34     -12.964978
   3   35     -13.333446
   3   36     -13.718988
   3   37     -14.121063
   3   38     -14.546943
   3   39     -14.977574
   3   40     -15.384890
   3   41     -15.929818
   3   42     -16.018830
   3   43     -16.776362
   3   44     -16.378355
   3   45     -16.127400
   3   46     -16.538776
   3   47     -16.245067
   3   48     -16.294986
   3   49     -16.308363
   3   50     -16.734540
    
   4    1      -5.553695
   4    2      -4.429162
   4    3      -3.614110
   4    4      -3.195938
   4    5      -3.179764
   4    6      -3.489254
   4    7      -3.821051
   4    8      -4.166760
   4    9      -4.519925
   4   10      -4.875301
   4   11      -5.228675
   4   12      -5.576879
   4   13      -5.917781
   4   14      -6.250184
   4   15      -6.573648
   4   16      -6.888305
   4   17      -7.194689
   4   18      -7.493610
   4   19      -7.786062
   4   20      -8.073160
   4   21      -8.356098
   4   22      -8.636122
   4   23      -8.914515
   4   24      -9.192583
   4   25      -9.471659
   4   26      -9.753092
   4   27     -10.038261
   4   28     -10.328570
   4   29     -10.625452
   4   30     -10.930372
   4   31     -11.244824
   4   32     -11.570364
   4   33     -11.908479
   4   34     -12.260742
   4   35     -12.628711
   4   36     -13.013691
   4   37     -13.416707
   4   38     -13.842011
   4   39     -14.286963
   4   40     -14.755287
   4   41     -15.208626
   4   42     -15.747273
   4   43     -16.019204
   4   44     -16.386962
   4   45     -16.701626
   4   46     -16.509358
   4   47     -16.746480
   4   48     -16.792862
   4   49     -16.501120
   4   50     -16.931558
    
   5    1      -5.826205
   5    2      -4.701763
   5    3      -3.887158
   5    4      -3.179764
   5    5      -2.819352
   5    6      -2.840012
   5    7      -3.174523
   5    8      -3.521780
   5    9      -3.875758
   5   10      -4.231527
   5   11      -4.585077
   5   12      -4.933355
   5   13      -5.274286
   5   14      -5.606699
   5   15      -5.930168
   5   16      -6.244826
   5   17      -6.551211
   5   18      -6.850132
   5   19      -7.142584
   5   20      -7.429681
   5   21      -7.712619
   5   22      -7.992644
   5   23      -8.271037
   5   24      -8.549105
   5   25      -8.828180
   5   26      -9.109614
   5   27      -9.394783
   5   28      -9.685092
   5   29      -9.981973
   5   30     -10.286892
   5   31     -10.601349
   5   32     -10.926864
   5   33     -11.264987
   5   34     -11.617260
   5   35     -11.985224
   5   36     -12.370477
   5   37     -12.774317
   5   38     -13.197526
   5   39     -13.642765
   5   40     -14.108132
   5   41     -14.597112
   5   42     -15.123772
   5   43     -15.617094
   5   44     -15.955770
   5   45     -17.103178
   5   46     -16.617071
   5   47     -16.834964
   5   48     -16.743790
   5   49     -17.626359
   5   50     -17.407456
    
   6    1      -6.134078
   6    2      -5.009700
   6    3      -4.195412
   6    4      -3.489254
   6    5      -2.840012
   6    6      -2.516479
   6    7      -2.562907
   6    8      -2.915271
   6    9      -3.271903
   6   10      -3.628943
   6   11      -3.983057
   6   12      -4.331568
   6   13      -4.672591
   6   14      -5.005039
   6   15      -5.328520
   6   16      -5.643183
   6   17      -5.949570
   6   18      -6.248491
   6   19      -6.540943
   6   20      -6.828041
   6   21      -7.110979
   6   22      -7.391004
   6   23      -7.669396
   6   24      -7.947465
   6   25      -8.226540
   6   26      -8.507974
   6   27      -8.793143
   6   28      -9.083452
   6   29      -9.380333
   6   30      -9.685253
   6   31      -9.999708
   6   32     -10.325225
   6   33     -10.663349
   6   34     -11.015635
   6   35     -11.383615
   6   36     -11.768767
   6   37     -12.172569
   6   38     -12.596221
   6   39     -13.040885
   6   40     -13.508317
   6   41     -13.996329
   6   42     -14.506001
   6   43     -15.031403
   6   44     -15.563106
   6   45     -15.913747
   6   46     -16.121555
   6   47     -16.345433
   6   48     -16.337802
   6   49     -16.146510
   6   50     -16.653488
    
   7    1      -6.464858
   7    2      -5.340521
   7    3      -4.526432
   7    4      -3.821051
   7    5      -3.174523
   7    6      -2.562907
   7    7      -2.265334
   7    8      -2.330915
   7    9      -2.696138
   7   10      -3.057211
   7   11      -3.413082
   7   12      -3.762310
   7   13      -4.103611
   7   14      -4.436163
   7   15      -4.759683
   7   16      -5.074360
   7   17      -5.380752
   7   18      -5.679676
   7   19      -5.972128
   7   20      -6.259226
   7   21      -6.542165
   7   22      -6.822189
   7   23      -7.100582
   7   24      -7.378651
   7   25      -7.657725
   7   26      -7.939159
   7   27      -8.224329
   7   28      -8.514637
   7   29      -8.811518
   7   30      -9.116438
   7   31      -9.430894
   7   32      -9.756411
   7   33     -10.094536
   7   34     -10.446820
   7   35     -10.814806
   7   36     -11.199985
   7   37     -11.603799
   7   38     -12.027610
   7   39     -12.472556
   7   40     -12.939634
   7   41     -13.430868
   7   42     -13.947841
   7   43     -14.488102
   7   44     -15.084137
   7   45     -15.738578
   7   46     -16.345683
   7   47     -16.390671
   7   48     -16.286959
   7   49     -16.124884
   7   50     -16.659882
    
   8    1      -6.809982
   8    2      -5.685668
   8    3      -4.871694
   8    4      -4.166760
   8    5      -3.521780
   8    6      -2.915271
   8    7      -2.330915
   8    8      -2.052873
   8    9      -2.133297
   8   10      -2.507610
   8   11      -2.869022
   8   12      -3.220440
   8   13      -3.562573
   8   14      -3.895433
   8   15      -4.219066
   8   16      -4.533784
   8   17      -4.840191
   8   18      -5.139120
   8   19      -5.431575
   8   20      -5.718674
   8   21      -6.001612
   8   22      -6.281637
   8   23      -6.560030
   8   24      -6.838098
   8   25      -7.117173
   8   26      -7.398607
   8   27      -7.683776
   8   28      -7.974085
   8   29      -8.270966
   8   30      -8.575886
   8   31      -8.890341
   8   32      -9.215858
   8   33      -9.553982
   8   34      -9.906267
   8   35     -10.274249
   8   36     -10.659428
   8   37     -11.063235
   8   38     -11.486981
   8   39     -11.931881
   8   40     -12.398954
   8   41     -12.889268
   8   42     -13.402291
   8   43     -13.939797
   8   44     -14.510482
   8   45     -15.059092
   8   46     -15.516793
   8   47     -15.847287
   8   48     -16.012509
   8   49     -15.916820
   8   50     -16.399245
    
   9    1      -7.162839
   9    2      -6.038537
   9    3      -5.224624
   9    4      -4.519925
   9    5      -3.875758
   9    6      -3.271903
   9    7      -2.696138
   9    8      -2.133297
   9    9      -1.870703
   9   10      -1.962977
   9   11      -2.343384
   9   12      -2.701770
   9   13      -3.046417
   9   14      -3.380181
   9   15      -3.704139
   9   16      -4.018976
   9   17      -4.325425
   9   18      -4.624370
   9   19      -4.916831
   9   20      -5.203932
   9   21      -5.486871
   9   22      -5.766896
   9   23      -6.045289
   9   24      -6.323358
   9   25      -6.602433
   9   26      -6.883866
   9   27      -7.169036
   9   28      -7.459344
   9   29      -7.756225
   9   30      -8.061145
   9   31      -8.375601
   9   32      -8.701118
   9   33      -9.039242
   9   34      -9.391526
   9   35      -9.759509
   9   36     -10.144690
   9   37     -10.548495
   9   38     -10.972257
   9   39     -11.417166
   9   40     -11.884301
   9   41     -12.374565
   9   42     -12.889760
   9   43     -13.430223
   9   44     -13.996512
   9   45     -14.598293
   9   46     -15.239220
   9   47     -15.912633
   9   48     -16.461187
   9   49     -17.300059
   9   50     -17.227195
    
  10    1      -7.518065
  10    2      -6.393770
  10    3      -5.579886
  10    4      -4.875301
  10    5      -4.231527
  10    6      -3.628943
  10    7      -3.057211
  10    8      -2.507610
  10    9      -1.962977
  10   10      -1.713095
  10   11      -1.815031
  10   12      -2.199089
  10   13      -2.551828
  10   14      -2.888307
  10   15      -3.213211
  10   16      -3.528383
  10   17      -3.834954
  10   18      -4.133943
  10   19      -4.426419
  10   20      -4.713526
  10   21      -4.996468
  10   22      -5.276494
  10   23      -5.554887
  10   24      -5.832956
  10   25      -6.112031
  10   26      -6.393465
  10   27      -6.678634
  10   28      -6.968942
  10   29      -7.265824
  10   30      -7.570743
  10   31      -7.885199
  10   32      -8.210716
  10   33      -8.548840
  10   34      -8.901125
  10   35      -9.269108
  10   36      -9.654288
  10   37     -10.058095
  10   38     -10.481852
  10   39     -10.926767
  10   40     -11.393933
  10   41     -11.884355
  10   42     -12.399110
  10   43     -12.940269
  10   44     -13.508182
  10   45     -14.116359
  10   46     -14.766350
  10   47     -15.574958
  10   48     -16.663089
  10   49     -16.162935
  10   50     -16.541432
    
  11    1      -7.871372
  11    2      -6.747079
  11    3      -5.933208
  11    4      -5.228675
  11    5      -4.585077
  11    6      -3.983057
  11    7      -3.413082
  11    8      -2.869022
  11    9      -2.343384
  11   10      -1.815031
  11   11      -1.575949
  11   12      -1.685889
  11   13      -2.071602
  11   14      -2.416827
  11   15      -2.744554
  11   16      -3.060693
  11   17      -3.367606
  11   18      -3.666719
  11   19      -3.959241
  11   20      -4.246365
  11   21      -4.529312
  11   22      -4.809341
  11   23      -5.087735
  11   24      -5.365804
  11   25      -5.644879
  11   26      -5.926313
  11   27      -6.211482
  11   28      -6.501791
  11   29      -6.798672
  11   30      -7.103592
  11   31      -7.418047
  11   32      -7.743564
  11   33      -8.081689
  11   34      -8.433973
  11   35      -8.801955
  11   36      -9.187136
  11   37      -9.590942
  11   38     -10.014701
  11   39     -10.459617
  11   40     -10.926767
  11   41     -11.417165
  11   42     -11.931903
  11   43     -12.472370
  11   44     -13.041681
  11   45     -13.642921
  11   46     -14.280443
  11   47     -14.999684
  11   48     -15.780551
  11   49     -16.579500
  11   50     -17.411116
    
  12    1      -8.219548
  12    2      -7.095256
  12    3      -6.281391
  12    4      -5.576879
  12    5      -4.933355
  12    6      -4.331568
  12    7      -3.762310
  12    8      -3.220440
  12    9      -2.701770
  12   10      -2.199089
  12   11      -1.685889
  12   12      -1.456217
  12   13      -1.572863
  12   14      -1.958641
  12   15      -2.295216
  12   16      -2.614254
  12   17      -2.922145
  12   18      -3.221605
  12   19      -3.514252
  12   20      -3.801422
  12   21      -4.084387
  12   22      -4.364422
  12   23      -4.642819
  12   24      -4.920889
  12   25      -5.199964
  12   26      -5.481398
  12   27      -5.766567
  12   28      -6.056876
  12   29      -6.353757
  12   30      -6.658677
  12   31      -6.973133
  12   32      -7.298650
  12   33      -7.636774
  12   34      -7.989058
  12   35      -8.357041
  12   36      -8.742221
  12   37      -9.146028
  12   38      -9.569787
  12   39     -10.014702
  12   40     -10.481854
  12   41     -10.972256
  12   42     -11.487010
  12   43     -12.027585
  12   44     -12.596375
  12   45     -13.198707
  12   46     -13.843509
  12   47     -14.552246
  12   48     -15.428102
  12   49     -16.368640
  12   50     -16.778534
    
  13    1      -8.560439
  13    2      -7.436148
  13    3      -6.622285
  13    4      -5.917781
  13    5      -5.274286
  13    6      -4.672591
  13    7      -4.103611
  13    8      -3.562573
  13    9      -3.046417
  13   10      -2.551828
  13   11      -2.071602
  13   12      -1.572863
  13   13      -1.351555
  13   14      -1.473877
  13   15      -1.858513
  13   16      -2.185964
  13   17      -2.496853
  13   18      -2.797289
  13   19      -3.090290
  13   20      -3.377588
  13   21      -3.660600
  13   22      -3.940652
  13   23      -4.219056
  13   24      -4.497128
  13   25      -4.776205
  13   26      -5.057639
  13   27      -5.342808
  13   28      -5.633117
  13   29      -5.929998
  13   30      -6.234918
  13   31      -6.549374
  13   32      -6.874891
  13   33      -7.213015
  13   34      -7.565299
  13   35      -7.933282
  13   36      -8.318462
  13   37      -8.722269
  13   38      -9.146028
  13   39      -9.590942
  13   40     -10.058093
  13   41     -10.548497
  13   42     -11.063228
  13   43     -11.603791
  13   44     -12.172508
  13   45     -12.774014
  13   46     -13.416395
  13   47     -14.115762
  13   48     -14.910022
  13   49     -15.685265
  13   50     -16.501927
    
  14    1      -8.892838
  14    2      -7.768546
  14    3      -6.954684
  14    4      -6.250184
  14    5      -5.606699
  14    6      -5.005039
  14    7      -4.436163
  14    8      -3.895433
  14    9      -3.380181
  14   10      -2.888307
  14   11      -2.416827
  14   12      -1.958641
  14   13      -1.473877
  14   14      -1.260117
  14   15      -1.387290
  14   16      -1.769939
  14   17      -2.088358
  14   18      -2.391957
  14   19      -2.685915
  14   20      -2.973575
  14   21      -3.256716
  14   22      -3.536817
  14   23      -3.815238
  14   24      -4.093318
  14   25      -4.372397
  14   26      -4.653832
  14   27      -4.939002
  14   28      -5.229311
  14   29      -5.526192
  14   30      -5.831112
  14   31      -6.145567
  14   32      -6.471084
  14   33      -6.809209
  14   34      -7.161493
  14   35      -7.529476
  14   36      -7.914656
  14   37      -8.318462
  14   38      -8.742221
  14   39      -9.187136
  14   40      -9.654288
  14   41     -10.144690
  14   42     -10.659430
  14   43     -11.199988
  14   44     -11.768849
  14   45     -12.370321
  14   46     -13.013883
  14   47     -13.720061
  14   48     -14.534418
  14   49     -15.645994
  14   50     -16.831563
    
  15    1      -9.216300
  15    2      -8.092009
  15    3      -7.278147
  15    4      -6.573648
  15    5      -5.930168
  15    6      -5.328520
  15    7      -4.759683
  15    8      -4.219066
  15    9      -3.704139
  15   10      -3.213211
  15   11      -2.744554
  15   12      -2.295216
  15   13      -1.858513
  15   14      -1.387290
  15   15      -1.180413
  15   16      -1.311780
  15   17      -1.691936
  15   18      -2.001868
  15   19      -2.299233
  15   20      -2.587810
  15   21      -2.871327
  15   22      -3.151556
  15   23      -3.430028
  15   24      -3.708126
  15   25      -3.987212
  15   26      -4.268650
  15   27      -4.553821
  15   28      -4.844130
  15   29      -5.141012
  15   30      -5.445931
  15   31      -5.760387
  15   32      -6.085904
  15   33      -6.424028
  15   34      -6.776313
  15   35      -7.144295
  15   36      -7.529476
  15   37      -7.933282
  15   38      -8.357041
  15   39      -8.801956
  15   40      -9.269107
  15   41      -9.759509
  15   42     -10.274251
  15   43     -10.814804
  15   44     -11.383640
  15   45     -11.985204
  15   46     -12.629030
  15   47     -13.334190
  15   48     -14.150922
  15   49     -15.384976
  15   50     -16.483394
    
  16    1      -9.530957
  16    2      -8.406666
  16    3      -7.592804
  16    4      -6.888305
  16    5      -6.244826
  16    6      -5.643183
  16    7      -5.074360
  16    8      -4.533784
  16    9      -4.018976
  16   10      -3.528383
  16   11      -3.060693
  16   12      -2.614254
  16   13      -2.185964
  16   14      -1.769939
  16   15      -1.311780
  16   16      -1.111230
  16   17      -1.246273
  16   18      -1.623743
  16   19      -1.926069
  16   20      -2.218365
  16   21      -2.502739
  16   22      -2.783364
  16   23      -3.061963
  16   24      -3.340112
  16   25      -3.619217
  16   26      -3.900663
  16   27      -4.185836
  16   28      -4.476147
  16   29      -4.773029
  16   30      -5.077949
  16   31      -5.392404
  16   32      -5.717921
  16   33      -6.056046
  16   34      -6.408330
  16   35      -6.776313
  16   36      -7.161493
  16   37      -7.565299
  16   38      -7.989058
  16   39      -8.433973
  16   40      -8.901125
  16   41      -9.391526
  16   42      -9.906267
  16   43     -10.446818
  16   44     -11.015635
  16   45     -11.617264
  16   46     -12.260751
  16   47     -12.965098
  16   48     -13.778884
  16   49     -14.886582
  16   50     -17.324696
    
  17    1      -9.837341
  17    2      -8.713049
  17    3      -7.899188
  17    4      -7.194689
  17    5      -6.551211
  17    6      -5.949570
  17    7      -5.380752
  17    8      -4.840191
  17    9      -4.325425
  17   10      -3.834954
  17   11      -3.367606
  17   12      -2.922145
  17   13      -2.496853
  17   14      -2.088358
  17   15      -1.691936
  17   16      -1.246273
  17   17      -1.051566
  17   18      -1.189891
  17   19      -1.564753
  17   20      -1.860596
  17   21      -2.149045
  17   22      -2.430450
  17   23      -2.709470
  17   24      -2.987743
  17   25      -3.266902
  17   26      -3.548366
  17   27      -3.833548
  17   28      -4.123861
  17   29      -4.420744
  17   30      -4.725664
  17   31      -5.040120
  17   32      -5.365637
  17   33      -5.703762
  17   34      -6.056046
  17   35      -6.424028
  17   36      -6.809209
  17   37      -7.213015
  17   38      -7.636774
  17   39      -8.081689
  17   40      -8.548840
  17   41      -9.039242
  17   42      -9.553982
  17   43     -10.094535
  17   44     -10.663347
  17   45     -11.264995
  17   46     -11.908483
  17   47     -12.612968
  17   48     -13.426779
  17   49     -14.546154
  17   50     -17.290152
    
  18    1     -10.136262
  18    2      -9.011970
  18    3      -8.198109
  18    4      -7.493610
  18    5      -6.850132
  18    6      -6.248491
  18    7      -5.679676
  18    8      -5.139120
  18    9      -4.624370
  18   10      -4.133943
  18   11      -3.666719
  18   12      -3.221605
  18   13      -2.797289
  18   14      -2.391957
  18   15      -2.001868
  18   16      -1.623743
  18   17      -1.189891
  18   18      -1.000596
  18   19      -1.141914
  18   20      -1.514485
  18   21      -1.805124
  18   22      -2.090977
  18   23      -2.370689
  18   24      -2.649412
  18   25      -2.928690
  18   26      -3.210211
  18   27      -3.495411
  18   28      -3.785732
  18   29      -4.082618
  18   30      -4.387539
  18   31      -4.701995
  18   32      -5.027513
  18   33      -5.365637
  18   34      -5.717921
  18   35      -6.085904
  18   36      -6.471084
  18   37      -6.874891
  18   38      -7.298650
  18   39      -7.743564
  18   40      -8.210716
  18   41      -8.701118
  18   42      -9.215858
  18   43      -9.756411
  18   44     -10.325223
  18   45     -10.926867
  18   46     -11.570348
  18   47     -12.274791
  18   48     -13.088839
  18   49     -14.210164
  18   50     -17.511567
    
  19    1     -10.428714
  19    2      -9.304422
  19    3      -8.490560
  19    4      -7.786062
  19    5      -7.142584
  19    6      -6.540943
  19    7      -5.972128
  19    8      -5.431575
  19    9      -4.916831
  19   10      -4.426419
  19   11      -3.959241
  19   12      -3.514252
  19   13      -3.090290
  19   14      -2.685915
  19   15      -2.299233
  19   16      -1.926069
  19   17      -1.564753
  19   18      -1.141914
  19   19      -0.957640
  19   20      -1.101758
  19   21      -1.472549
  19   22      -1.759368
  19   23      -2.043885
  19   24      -2.323213
  19   25      -2.602969
  19   26      -2.884604
  19   27      -3.169863
  19   28      -3.460202
  19   29      -3.757096
  19   30      -4.062020
  19   31      -4.376478
  19   32      -4.701995
  19   33      -5.040120
  19   34      -5.392404
  19   35      -5.760387
  19   36      -6.145567
  19   37      -6.549374
  19   38      -6.973133
  19   39      -7.418047
  19   40      -7.885199
  19   41      -8.375601
  19   42      -8.890341
  19   43      -9.430894
  19   44      -9.999708
  19   45     -10.601350
  19   46     -11.244821
  19   47     -11.949311
  19   48     -12.763301
  19   49     -13.886174
  19   50     -17.737494
    
  20    1     -10.715810
  20    2      -9.591520
  20    3      -8.777658
  20    4      -8.073160
  20    5      -7.429681
  20    6      -6.828041
  20    7      -6.259226
  20    8      -5.718674
  20    9      -5.203932
  20   10      -4.713526
  20   11      -4.246365
  20   12      -3.801422
  20   13      -3.377588
  20   14      -2.973575
  20   15      -2.587810
  20   16      -2.218365
  20   17      -1.860596
  20   18      -1.514485
  20   19      -1.101758
  20   20      -0.922145
  20   21      -1.068953
  20   22      -1.438636
  20   23      -1.723077
  20   24      -2.007527
  20   25      -2.287809
  20   26      -2.569946
  20   27      -2.855315
  20   28      -3.145715
  20   29      -3.442628
  20   30      -3.747560
  20   31      -4.062020
  20   32      -4.387539
  20   33      -4.725664
  20   34      -5.077949
  20   35      -5.445931
  20   36      -5.831112
  20   37      -6.234918
  20   38      -6.658677
  20   39      -7.103592
  20   40      -7.570743
  20   41      -8.061145
  20   42      -8.575886
  20   43      -9.116438
  20   44      -9.685253
  20   45     -10.286894
  20   46     -10.930373
  20   47     -11.634903
  20   48     -12.448817
  20   49     -13.574975
  20   50     -16.429701
    
  21    1     -10.998749
  21    2      -9.874458
  21    3      -9.060596
  21    4      -8.356098
  21    5      -7.712619
  21    6      -7.110979
  21    7      -6.542165
  21    8      -6.001612
  21    9      -5.486871
  21   10      -4.996468
  21   11      -4.529312
  21   12      -4.084387
  21   13      -3.660600
  21   14      -3.256716
  21   15      -2.871327
  21   16      -2.502739
  21   17      -2.149045
  21   18      -1.805124
  21   19      -1.472549
  21   20      -1.068953
  21   21      -0.893668
  21   22      -1.043126
  21   23      -1.412501
  21   24      -1.696047
  21   25      -1.981705
  21   26      -2.264306
  21   27      -2.550196
  21   28      -2.840703
  21   29      -3.137677
  21   30      -3.442628
  21   31      -3.757096
  21   32      -4.082618
  21   33      -4.420744
  21   34      -4.773029
  21   35      -5.141012
  21   36      -5.526192
  21   37      -5.929998
  21   38      -6.353757
  21   39      -6.798672
  21   40      -7.265824
  21   41      -7.756225
  21   42      -8.270966
  21   43      -8.811518
  21   44      -9.380333
  21   45      -9.981973
  21   46     -10.625452
  21   47     -11.329943
  21   48     -12.143759
  21   49     -13.267612
  21   50     -16.956170
    
  22    1     -11.278770
  22    2     -10.154482
  22    3      -9.340621
  22    4      -8.636122
  22    5      -7.992644
  22    6      -7.391004
  22    7      -6.822189
  22    8      -6.281637
  22    9      -5.766896
  22   10      -5.276494
  22   11      -4.809341
  22   12      -4.364422
  22   13      -3.940652
  22   14      -3.536817
  22   15      -3.151556
  22   16      -2.783364
  22   17      -2.430450
  22   18      -2.090977
  22   19      -1.759368
  22   20      -1.438636
  22   21      -1.043126
  22   22      -0.871860
  22   23      -1.023992
  22   24      -1.393961
  22   25      -1.678117
  22   26      -1.966272
  22   27      -2.252585
  22   28      -2.543623
  22   29      -2.840703
  22   30      -3.145715
  22   31      -3.460202
  22   32      -3.785732
  22   33      -4.123861
  22   34      -4.476147
  22   35      -4.844130
  22   36      -5.229311
  22   37      -5.633117
  22   38      -6.056876
  22   39      -6.501791
  22   40      -6.968942
  22   41      -7.459344
  22   42      -7.974085
  22   43      -8.514637
  22   44      -9.083452
  22   45      -9.685092
  22   46     -10.328570
  22   47     -11.033060
  22   48     -11.846898
  22   49     -12.971071
  22   50     -16.456062
    
  23    1     -11.557157
  23    2     -10.432875
  23    3      -9.619013
  23    4      -8.914515
  23    5      -8.271037
  23    6      -7.669396
  23    7      -7.100582
  23    8      -6.560030
  23    9      -6.045289
  23   10      -5.554887
  23   11      -5.087735
  23   12      -4.642819
  23   13      -4.219056
  23   14      -3.815238
  23   15      -3.430028
  23   16      -3.061963
  23   17      -2.709470
  23   18      -2.370689
  23   19      -2.043885
  23   20      -1.723077
  23   21      -1.412501
  23   22      -1.023992
  23   23      -0.856462
  23   24      -1.011348
  23   25      -1.382888
  23   26      -1.669179
  23   27      -1.961138
  23   28      -2.252585
  23   29      -2.550196
  23   30      -2.855315
  23   31      -3.169863
  23   32      -3.495411
  23   33      -3.833548
  23   34      -4.185836
  23   35      -4.553821
  23   36      -4.939002
  23   37      -5.342808
  23   38      -5.766567
  23   39      -6.211482
  23   40      -6.678634
  23   41      -7.169036
  23   42      -7.683776
  23   43      -8.224329
  23   44      -8.793143
  23   45      -9.394783
  23   46     -10.038262
  23   47     -10.742756
  23   48     -11.556630
  23   49     -12.680989
  23   50     -16.796892
    
  24    1     -11.835228
  24    2     -10.710944
  24    3      -9.897082
  24    4      -9.192583
  24    5      -8.549105
  24    6      -7.947465
  24    7      -7.378651
  24    8      -6.838098
  24    9      -6.323358
  24   10      -5.832956
  24   11      -5.365804
  24   12      -4.920889
  24   13      -4.497128
  24   14      -4.093318
  24   15      -3.708126
  24   16      -3.340112
  24   17      -2.987743
  24   18      -2.649412
  24   19      -2.323213
  24   20      -2.007527
  24   21      -1.696047
  24   22      -1.393961
  24   23      -1.011348
  24   24      -0.847294
  24   25      -1.005059
  24   26      -1.379205
  24   27      -1.669179
  24   28      -1.966272
  24   29      -2.264306
  24   30      -2.569946
  24   31      -2.884604
  24   32      -3.210211
  24   33      -3.548366
  24   34      -3.900663
  24   35      -4.268650
  24   36      -4.653832
  24   37      -5.057639
  24   38      -5.481398
  24   39      -5.926313
  24   40      -6.393465
  24   41      -6.883866
  24   42      -7.398607
  24   43      -7.939159
  24   44      -8.507974
  24   45      -9.109614
  24   46      -9.753092
  24   47     -10.457591
  24   48     -11.271460
  24   49     -12.395762
  24   50     -17.540345
    
  25    1     -12.114317
  25    2     -10.990020
  25    3     -10.176157
  25    4      -9.471659
  25    5      -8.828180
  25    6      -8.226540
  25    7      -7.657725
  25    8      -7.117173
  25    9      -6.602433
  25   10      -6.112031
  25   11      -5.644879
  25   12      -5.199964
  25   13      -4.776205
  25   14      -4.372397
  25   15      -3.987212
  25   16      -3.619217
  25   17      -3.266902
  25   18      -2.928690
  25   19      -2.602969
  25   20      -2.287809
  25   21      -1.981705
  25   22      -1.678117
  25   23      -1.382888
  25   24      -1.005059
  25   25      -0.844249
  25   26      -1.005059
  25   27      -1.382888
  25   28      -1.678117
  25   29      -1.981705
  25   30      -2.287809
  25   31      -2.602969
  25   32      -2.928690
  25   33      -3.266902
  25   34      -3.619217
  25   35      -3.987212
  25   36      -4.372397
  25   37      -4.776205
  25   38      -5.199964
  25   39      -5.644879
  25   40      -6.112031
  25   41      -6.602433
  25   42      -7.117173
  25   43      -7.657725
  25   44      -8.226540
  25   45      -8.828180
  25   46      -9.471659
  25   47     -10.176156
  25   48     -10.990023
  25   49     -12.114334
  25   50     -17.198441
    
  26    1     -12.395757
  26    2     -11.271450
  26    3     -10.457591
  26    4      -9.753092
  26    5      -9.109614
  26    6      -8.507974
  26    7      -7.939159
  26    8      -7.398607
  26    9      -6.883866
  26   10      -6.393465
  26   11      -5.926313
  26   12      -5.481398
  26   13      -5.057639
  26   14      -4.653832
  26   15      -4.268650
  26   16      -3.900663
  26   17      -3.548366
  26   18      -3.210211
  26   19      -2.884604
  26   20      -2.569946
  26   21      -2.264306
  26   22      -1.966272
  26   23      -1.669179
  26   24      -1.379205
  26   25      -1.005059
  26   26      -0.847294
  26   27      -1.011348
  26   28      -1.393961
  26   29      -1.696047
  26   30      -2.007527
  26   31      -2.323213
  26   32      -2.649412
  26   33      -2.987743
  26   34      -3.340112
  26   35      -3.708126
  26   36      -4.093318
  26   37      -4.497128
  26   38      -4.920889
  26   39      -5.365804
  26   40      -5.832956
  26   41      -6.323358
  26   42      -6.838098
  26   43      -7.378651
  26   44      -7.947465
  26   45      -8.549105
  26   46      -9.192584
  26   47      -9.897082
  26   48     -10.710945
  26   49     -11.835252
  26   50     -16.493426
    
  27    1     -12.680921
  27    2     -11.556621
  27    3     -10.742760
  27    4     -10.038261
  27    5      -9.394783
  27    6      -8.793143
  27    7      -8.224329
  27    8      -7.683776
  27    9      -7.169036
  27   10      -6.678634
  27   11      -6.211482
  27   12      -5.766567
  27   13      -5.342808
  27   14      -4.939002
  27   15      -4.553821
  27   16      -4.185836
  27   17      -3.833548
  27   18      -3.495411
  27   19      -3.169863
  27   20      -2.855315
  27   21      -2.550196
  27   22      -2.252585
  27   23      -1.961138
  27   24      -1.669179
  27   25      -1.382888
  27   26      -1.011348
  27   27      -0.856462
  27   28      -1.023992
  27   29      -1.412501
  27   30      -1.723077
  27   31      -2.043885
  27   32      -2.370689
  27   33      -2.709470
  27   34      -3.061963
  27   35      -3.430028
  27   36      -3.815238
  27   37      -4.219056
  27   38      -4.642819
  27   39      -5.087735
  27   40      -5.554887
  27   41      -6.045289
  27   42      -6.560030
  27   43      -7.100582
  27   44      -7.669396
  27   45      -8.271037
  27   46      -8.914515
  27   47      -9.619013
  27   48     -10.432875
  27   49     -11.557175
  27   50     -16.602405
    
  28    1     -12.971150
  28    2     -11.846964
  28    3     -11.033067
  28    4     -10.328570
  28    5      -9.685092
  28    6      -9.083452
  28    7      -8.514637
  28    8      -7.974085
  28    9      -7.459344
  28   10      -6.968942
  28   11      -6.501791
  28   12      -6.056876
  28   13      -5.633117
  28   14      -5.229311
  28   15      -4.844130
  28   16      -4.476147
  28   17      -4.123861
  28   18      -3.785732
  28   19      -3.460202
  28   20      -3.145715
  28   21      -2.840703
  28   22      -2.543623
  28   23      -2.252585
  28   24      -1.966272
  28   25      -1.678117
  28   26      -1.393961
  28   27      -1.023992
  28   28      -0.871860
  28   29      -1.043126
  28   30      -1.438636
  28   31      -1.759368
  28   32      -2.090977
  28   33      -2.430450
  28   34      -2.783364
  28   35      -3.151556
  28   36      -3.536817
  28   37      -3.940652
  28   38      -4.364422
  28   39      -4.809341
  28   40      -5.276494
  28   41      -5.766896
  28   42      -6.281637
  28   43      -6.822189
  28   44      -7.391004
  28   45      -7.992644
  28   46      -8.636122
  28   47      -9.340620
  28   48     -10.154482
  28   49     -11.278776
  28   50     -16.629107
    
  29    1     -13.268283
  29    2     -12.143788
  29    3     -11.329951
  29    4     -10.625450
  29    5      -9.981973
  29    6      -9.380333
  29    7      -8.811518
  29    8      -8.270966
  29    9      -7.756225
  29   10      -7.265824
  29   11      -6.798672
  29   12      -6.353757
  29   13      -5.929998
  29   14      -5.526192
  29   15      -5.141012
  29   16      -4.773029
  29   17      -4.420744
  29   18      -4.082618
  29   19      -3.757096
  29   20      -3.442628
  29   21      -3.137677
  29   22      -2.840703
  29   23      -2.550196
  29   24      -2.264306
  29   25      -1.981705
  29   26      -1.696047
  29   27      -1.412501
  29   28      -1.043126
  29   29      -0.893668
  29   30      -1.068953
  29   31      -1.472549
  29   32      -1.805124
  29   33      -2.149045
  29   34      -2.502739
  29   35      -2.871327
  29   36      -3.256716
  29   37      -3.660600
  29   38      -4.084387
  29   39      -4.529312
  29   40      -4.996468
  29   41      -5.486871
  29   42      -6.001612
  29   43      -6.542165
  29   44      -7.110979
  29   45      -7.712619
  29   46      -8.356098
  29   47      -9.060596
  29   48      -9.874457
  29   49     -10.998744
  29   50     -16.371077
    
  30    1     -13.573573
  30    2     -12.448694
  30    3     -11.634870
  30    4     -10.930372
  30    5     -10.286894
  30    6      -9.685253
  30    7      -9.116438
  30    8      -8.575886
  30    9      -8.061145
  30   10      -7.570743
  30   11      -7.103592
  30   12      -6.658677
  30   13      -6.234918
  30   14      -5.831112
  30   15      -5.445931
  30   16      -5.077949
  30   17      -4.725664
  30   18      -4.387539
  30   19      -4.062020
  30   20      -3.747560
  30   21      -3.442628
  30   22      -3.145715
  30   23      -2.855315
  30   24      -2.569946
  30   25      -2.287809
  30   26      -2.007527
  30   27      -1.723077
  30   28      -1.438636
  30   29      -1.068953
  30   30      -0.922145
  30   31      -1.101758
  30   32      -1.514485
  30   33      -1.860596
  30   34      -2.218365
  30   35      -2.587810
  30   36      -2.973575
  30   37      -3.377588
  30   38      -3.801422
  30   39      -4.246365
  30   40      -4.713526
  30   41      -5.203932
  30   42      -5.718674
  30   43      -6.259226
  30   44      -6.828041
  30   45      -7.429681
  30   46      -8.073160
  30   47      -8.777658
  30   48      -9.591520
  30   49     -10.715809
  30   50     -16.699647
    
  31    1     -13.886890
  31    2     -12.763290
  31    3     -11.949326
  31    4     -11.244824
  31    5     -10.601347
  31    6      -9.999709
  31    7      -9.430894
  31    8      -8.890341
  31    9      -8.375601
  31   10      -7.885199
  31   11      -7.418047
  31   12      -6.973133
  31   13      -6.549374
  31   14      -6.145567
  31   15      -5.760387
  31   16      -5.392404
  31   17      -5.040120
  31   18      -4.701995
  31   19      -4.376478
  31   20      -4.062020
  31   21      -3.757096
  31   22      -3.460202
  31   23      -3.169863
  31   24      -2.884604
  31   25      -2.602969
  31   26      -2.323213
  31   27      -2.043885
  31   28      -1.759368
  31   29      -1.472549
  31   30      -1.101758
  31   31      -0.957640
  31   32      -1.141914
  31   33      -1.564753
  31   34      -1.926069
  31   35      -2.299233
  31   36      -2.685915
  31   37      -3.090290
  31   38      -3.514252
  31   39      -3.959241
  31   40      -4.426419
  31   41      -4.916831
  31   42      -5.431575
  31   43      -5.972128
  31   44      -6.540943
  31   45      -7.142584
  31   46      -7.786062
  31   47      -8.490560
  31   48      -9.304422
  31   49     -10.428711
  31   50     -16.151916
    
  32    1     -14.211264
  32    2     -13.088889
  32    3     -12.274859
  32    4     -11.570333
  32    5     -10.926865
  32    6     -10.325226
  32    7      -9.756411
  32    8      -9.215858
  32    9      -8.701118
  32   10      -8.210716
  32   11      -7.743564
  32   12      -7.298650
  32   13      -6.874891
  32   14      -6.471084
  32   15      -6.085904
  32   16      -5.717921
  32   17      -5.365637
  32   18      -5.027513
  32   19      -4.701995
  32   20      -4.387539
  32   21      -4.082618
  32   22      -3.785732
  32   23      -3.495411
  32   24      -3.210211
  32   25      -2.928690
  32   26      -2.649412
  32   27      -2.370689
  32   28      -2.090977
  32   29      -1.805124
  32   30      -1.514485
  32   31      -1.141914
  32   32      -1.000596
  32   33      -1.189891
  32   34      -1.623743
  32   35      -2.001868
  32   36      -2.391957
  32   37      -2.797289
  32   38      -3.221605
  32   39      -3.666719
  32   40      -4.133943
  32   41      -4.624370
  32   42      -5.139120
  32   43      -5.679676
  32   44      -6.248491
  32   45      -6.850132
  32   46      -7.493610
  32   47      -8.198109
  32   48      -9.011970
  32   49     -10.136261
  32   50     -17.148502
    
  33    1     -14.550102
  33    2     -13.427181
  33    3     -12.612951
  33    4     -11.908461
  33    5     -11.264995
  33    6     -10.663349
  33    7     -10.094535
  33    8      -9.553983
  33    9      -9.039242
  33   10      -8.548840
  33   11      -8.081689
  33   12      -7.636774
  33   13      -7.213015
  33   14      -6.809209
  33   15      -6.424028
  33   16      -6.056046
  33   17      -5.703762
  33   18      -5.365637
  33   19      -5.040120
  33   20      -4.725664
  33   21      -4.420744
  33   22      -4.123861
  33   23      -3.833548
  33   24      -3.548366
  33   25      -3.266902
  33   26      -2.987743
  33   27      -2.709470
  33   28      -2.430450
  33   29      -2.149045
  33   30      -1.860596
  33   31      -1.564753
  33   32      -1.189891
  33   33      -1.051566
  33   34      -1.246273
  33   35      -1.691936
  33   36      -2.088358
  33   37      -2.496853
  33   38      -2.922145
  33   39      -3.367606
  33   40      -3.834954
  33   41      -4.325425
  33   42      -4.840191
  33   43      -5.380752
  33   44      -5.949570
  33   45      -6.551211
  33   46      -7.194689
  33   47      -7.899188
  33   48      -8.713049
  33   49      -9.837341
  33   50     -17.148836
    
  34    1     -14.904154
  34    2     -13.778583
  34    3     -12.965487
  34    4     -12.260749
  34    5     -11.617280
  34    6     -11.015629
  34    7     -10.446819
  34    8      -9.906267
  34    9      -9.391526
  34   10      -8.901125
  34   11      -8.433973
  34   12      -7.989058
  34   13      -7.565299
  34   14      -7.161493
  34   15      -6.776313
  34   16      -6.408330
  34   17      -6.056046
  34   18      -5.717921
  34   19      -5.392404
  34   20      -5.077949
  34   21      -4.773029
  34   22      -4.476147
  34   23      -4.185836
  34   24      -3.900663
  34   25      -3.619217
  34   26      -3.340112
  34   27      -3.061963
  34   28      -2.783364
  34   29      -2.502739
  34   30      -2.218365
  34   31      -1.926069
  34   32      -1.623743
  34   33      -1.246273
  34   34      -1.111230
  34   35      -1.311780
  34   36      -1.769939
  34   37      -2.185964
  34   38      -2.614254
  34   39      -3.060693
  34   40      -3.528383
  34   41      -4.018976
  34   42      -4.533784
  34   43      -5.074360
  34   44      -5.643183
  34   45      -6.244826
  34   46      -6.888305
  34   47      -7.592804
  34   48      -8.406666
  34   49      -9.530957
  34   50     -16.715834
    
  35    1     -15.269213
  35    2     -14.147567
  35    3     -13.332860
  35    4     -12.628896
  35    5     -11.985198
  35    6     -11.383619
  35    7     -10.814805
  35    8     -10.274251
  35    9      -9.759509
  35   10      -9.269107
  35   11      -8.801956
  35   12      -8.357041
  35   13      -7.933282
  35   14      -7.529476
  35   15      -7.144295
  35   16      -6.776313
  35   17      -6.424028
  35   18      -6.085904
  35   19      -5.760387
  35   20      -5.445931
  35   21      -5.141012
  35   22      -4.844130
  35   23      -4.553821
  35   24      -4.268650
  35   25      -3.987212
  35   26      -3.708126
  35   27      -3.430028
  35   28      -3.151556
  35   29      -2.871327
  35   30      -2.587810
  35   31      -2.299233
  35   32      -2.001868
  35   33      -1.691936
  35   34      -1.311780
  35   35      -1.180413
  35   36      -1.387290
  35   37      -1.858513
  35   38      -2.295216
  35   39      -2.744554
  35   40      -3.213211
  35   41      -3.704139
  35   42      -4.219066
  35   43      -4.759683
  35   44      -5.328520
  35   45      -5.930168
  35   46      -6.573648
  35   47      -7.278147
  35   48      -8.092009
  35   49      -9.216300
  35   50     -17.067438
    
  36    1     -15.679102
  36    2     -14.532346
  36    3     -13.717737
  36    4     -13.013943
  36    5     -12.370442
  36    6     -11.768796
  36    7     -11.199987
  36    8     -10.659429
  36    9     -10.144689
  36   10      -9.654288
  36   11      -9.187136
  36   12      -8.742221
  36   13      -8.318462
  36   14      -7.914656
  36   15      -7.529476
  36   16      -7.161493
  36   17      -6.809209
  36   18      -6.471084
  36   19      -6.145567
  36   20      -5.831112
  36   21      -5.526192
  36   22      -5.229311
  36   23      -4.939002
  36   24      -4.653832
  36   25      -4.372397
  36   26      -4.093318
  36   27      -3.815238
  36   28      -3.536817
  36   29      -3.256716
  36   30      -2.973575
  36   31      -2.685915
  36   32      -2.391957
  36   33      -2.088358
  36   34      -1.769939
  36   35      -1.387290
  36   36      -1.260117
  36   37      -1.473877
  36   38      -1.958641
  36   39      -2.416827
  36   40      -2.888307
  36   41      -3.380181
  36   42      -3.895433
  36   43      -4.436163
  36   44      -5.005039
  36   45      -5.606699
  36   46      -6.250184
  36   47      -6.954684
  36   48      -7.768546
  36   49      -8.892838
  36   50     -16.753015
    
  37    1     -15.971330
  37    2     -14.944832
  37    3     -14.120316
  37    4     -13.417355
  37    5     -12.774297
  37    6     -12.172609
  37    7     -11.603793
  37    8     -11.063228
  37    9     -10.548497
  37   10     -10.058094
  37   11      -9.590942
  37   12      -9.146028
  37   13      -8.722269
  37   14      -8.318462
  37   15      -7.933282
  37   16      -7.565299
  37   17      -7.213015
  37   18      -6.874891
  37   19      -6.549374
  37   20      -6.234918
  37   21      -5.929998
  37   22      -5.633117
  37   23      -5.342808
  37   24      -5.057639
  37   25      -4.776205
  37   26      -4.497128
  37   27      -4.219056
  37   28      -3.940652
  37   29      -3.660600
  37   30      -3.377588
  37   31      -3.090290
  37   32      -2.797289
  37   33      -2.496853
  37   34      -2.185964
  37   35      -1.858513
  37   36      -1.473877
  37   37      -1.351555
  37   38      -1.572863
  37   39      -2.071602
  37   40      -2.551828
  37   41      -3.046417
  37   42      -3.562573
  37   43      -4.103611
  37   44      -4.672591
  37   45      -5.274286
  37   46      -5.917781
  37   47      -6.622285
  37   48      -7.436148
  37   49      -8.560439
  37   50     -16.773708
    
  38    1     -16.641059
  38    2     -15.364066
  38    3     -14.542848
  38    4     -13.841507
  38    5     -13.197984
  38    6     -12.596486
  38    7     -12.027514
  38    8     -11.486991
  38    9     -10.972254
  38   10     -10.481853
  38   11     -10.014701
  38   12      -9.569786
  38   13      -9.146028
  38   14      -8.742221
  38   15      -8.357041
  38   16      -7.989058
  38   17      -7.636774
  38   18      -7.298650
  38   19      -6.973133
  38   20      -6.658677
  38   21      -6.353757
  38   22      -6.056876
  38   23      -5.766567
  38   24      -5.481398
  38   25      -5.199964
  38   26      -4.920889
  38   27      -4.642819
  38   28      -4.364422
  38   29      -4.084387
  38   30      -3.801422
  38   31      -3.514252
  38   32      -3.221605
  38   33      -2.922145
  38   34      -2.614254
  38   35      -2.295216
  38   36      -1.958641
  38   37      -1.572863
  38   38      -1.456217
  38   39      -1.685889
  38   40      -2.199089
  38   41      -2.701770
  38   42      -3.220440
  38   43      -3.762310
  38   44      -4.331568
  38   45      -4.933355
  38   46      -5.576879
  38   47      -6.281391
  38   48      -7.095256
  38   49      -8.219548
  38   50     -16.971666
    
  39    1     -16.876476
  39    2     -15.856733
  39    3     -14.989099
  39    4     -14.287043
  39    5     -13.643299
  39    6     -13.040906
  39    7     -12.472523
  39    8     -11.931933
  39    9     -11.417164
  39   10     -10.926768
  39   11     -10.459616
  39   12     -10.014701
  39   13      -9.590942
  39   14      -9.187136
  39   15      -8.801956
  39   16      -8.433973
  39   17      -8.081689
  39   18      -7.743564
  39   19      -7.418047
  39   20      -7.103592
  39   21      -6.798672
  39   22      -6.501791
  39   23      -6.211482
  39   24      -5.926313
  39   25      -5.644879
  39   26      -5.365804
  39   27      -5.087735
  39   28      -4.809341
  39   29      -4.529312
  39   30      -4.246365
  39   31      -3.959241
  39   32      -3.666719
  39   33      -3.367606
  39   34      -3.060693
  39   35      -2.744554
  39   36      -2.416827
  39   37      -2.071602
  39   38      -1.685889
  39   39      -1.575949
  39   40      -1.815031
  39   41      -2.343384
  39   42      -2.869022
  39   43      -3.413082
  39   44      -3.983057
  39   45      -4.585077
  39   46      -5.228675
  39   47      -5.933208
  39   48      -6.747079
  39   49      -7.871372
  39   50     -17.436892
    
  40    1     -17.053510
  40    2     -16.344854
  40    3     -15.491959
  40    4     -14.759358
  40    5     -14.109426
  40    6     -13.508766
  40    7     -12.939700
  40    8     -12.399053
  40    9     -11.884323
  40   10     -11.393929
  40   11     -10.926765
  40   12     -10.481853
  40   13     -10.058094
  40   14      -9.654288
  40   15      -9.269107
  40   16      -8.901125
  40   17      -8.548840
  40   18      -8.210716
  40   19      -7.885199
  40   20      -7.570743
  40   21      -7.265824
  40   22      -6.968942
  40   23      -6.678634
  40   24      -6.393465
  40   25      -6.112031
  40   26      -5.832956
  40   27      -5.554887
  40   28      -5.276494
  40   29      -4.996468
  40   30      -4.713526
  40   31      -4.426419
  40   32      -4.133943
  40   33      -3.834954
  40   34      -3.528383
  40   35      -3.213211
  40   36      -2.888307
  40   37      -2.551828
  40   38      -2.199089
  40   39      -1.815031
  40   40      -1.713095
  40   41      -1.962977
  40   42      -2.507610
  40   43      -3.057211
  40   44      -3.628943
  40   45      -4.231527
  40   46      -4.875301
  40   47      -5.579886
  40   48      -6.393770
  40   49      -7.518065
  40   50     -17.048055
    
  41    1     -16.893130
  41    2     -17.450253
  41    3     -15.935214
  41    4     -15.248568
  41    5     -14.599238
  41    6     -14.001519
  41    7     -13.430106
  41    8     -12.889546
  41    9     -12.374653
  41   10     -11.884307
  41   11     -11.417166
  41   12     -10.972255
  41   13     -10.548496
  41   14     -10.144690
  41   15      -9.759509
  41   16      -9.391526
  41   17      -9.039242
  41   18      -8.701118
  41   19      -8.375601
  41   20      -8.061145
  41   21      -7.756225
  41   22      -7.459344
  41   23      -7.169036
  41   24      -6.883866
  41   25      -6.602433
  41   26      -6.323358
  41   27      -6.045289
  41   28      -5.766896
  41   29      -5.486871
  41   30      -5.203932
  41   31      -4.916831
  41   32      -4.624370
  41   33      -4.325425
  41   34      -4.018976
  41   35      -3.704139
  41   36      -3.380181
  41   37      -3.046417
  41   38      -2.701770
  41   39      -2.343384
  41   40      -1.962977
  41   41      -1.870703
  41   42      -2.133297
  41   43      -2.696138
  41   44      -3.271903
  41   45      -3.875758
  41   46      -4.519925
  41   47      -5.224624
  41   48      -6.038537
  41   49      -7.162839
  41   50     -16.481213
    
  42    1     -17.076158
  42    2     -16.778318
  42    3     -17.055417
  42    4     -15.801233
  42    5     -15.116118
  42    6     -14.503788
  42    7     -13.944525
  42    8     -13.404632
  42    9     -12.889574
  42   10     -12.399047
  42   11     -11.931926
  42   12     -11.486992
  42   13     -11.063238
  42   14     -10.659428
  42   15     -10.274249
  42   16      -9.906267
  42   17      -9.553983
  42   18      -9.215858
  42   19      -8.890341
  42   20      -8.575886
  42   21      -8.270966
  42   22      -7.974085
  42   23      -7.683776
  42   24      -7.398607
  42   25      -7.117173
  42   26      -6.838098
  42   27      -6.560030
  42   28      -6.281637
  42   29      -6.001612
  42   30      -5.718674
  42   31      -5.431575
  42   32      -5.139120
  42   33      -4.840191
  42   34      -4.533784
  42   35      -4.219066
  42   36      -3.895433
  42   37      -3.562573
  42   38      -3.220440
  42   39      -2.869022
  42   40      -2.507610
  42   41      -2.133297
  42   42      -2.052873
  42   43      -2.330915
  42   44      -2.915271
  42   45      -3.521780
  42   46      -4.166760
  42   47      -4.871694
  42   48      -5.685668
  42   49      -6.809982
  42   50     -17.034683
    
  43    1     -17.232211
  43    2     -16.517413
  43    3     -16.868530
  43    4     -16.204205
  43    5     -15.645682
  43    6     -15.095219
  43    7     -14.479352
  43    8     -13.946606
  43    9     -13.430229
  43   10     -12.939527
  43   11     -12.472359
  43   12     -12.027553
  43   13     -11.603789
  43   14     -11.199989
  43   15     -10.814802
  43   16     -10.446818
  43   17     -10.094536
  43   18      -9.756410
  43   19      -9.430894
  43   20      -9.116438
  43   21      -8.811518
  43   22      -8.514637
  43   23      -8.224329
  43   24      -7.939159
  43   25      -7.657725
  43   26      -7.378651
  43   27      -7.100582
  43   28      -6.822189
  43   29      -6.542165
  43   30      -6.259226
  43   31      -5.972128
  43   32      -5.679676
  43   33      -5.380752
  43   34      -5.074360
  43   35      -4.759683
  43   36      -4.436163
  43   37      -4.103611
  43   38      -3.762310
  43   39      -3.413082
  43   40      -3.057211
  43   41      -2.696138
  43   42      -2.330915
  43   43      -2.265334
  43   44      -2.562907
  43   45      -3.174523
  43   46      -3.821051
  43   47      -4.526432
  43   48      -5.340521
  43   49      -6.464858
  43   50     -17.854451
    
  44    1     -17.574392
  44    2     -17.200624
  44    3     -17.081346
  44    4     -17.298457
  44    5     -16.098186
  44    6     -15.603539
  44    7     -15.068432
  44    8     -14.512619
  44    9     -13.998118
  44   10     -13.508641
  44   11     -13.041016
  44   12     -12.596288
  44   13     -12.172605
  44   14     -11.768782
  44   15     -11.383628
  44   16     -11.015632
  44   17     -10.663349
  44   18     -10.325226
  44   19      -9.999709
  44   20      -9.685252
  44   21      -9.380333
  44   22      -9.083452
  44   23      -8.793143
  44   24      -8.507974
  44   25      -8.226540
  44   26      -7.947465
  44   27      -7.669396
  44   28      -7.391004
  44   29      -7.110979
  44   30      -6.828041
  44   31      -6.540943
  44   32      -6.248491
  44   33      -5.949570
  44   34      -5.643183
  44   35      -5.328520
  44   36      -5.005039
  44   37      -4.672591
  44   38      -4.331568
  44   39      -3.983057
  44   40      -3.628943
  44   41      -3.271903
  44   42      -2.915271
  44   43      -2.562907
  44   44      -2.516479
  44   45      -2.840012
  44   46      -3.489254
  44   47      -4.195412
  44   48      -5.009700
  44   49      -6.134078
  44   50     -16.675250
    
  45    1     -17.090669
  45    2     -17.549785
  45    3     -16.739466
  45    4     -17.009459
  45    5     -16.747189
  45    6     -16.196724
  45    7     -15.650098
  45    8     -15.094603
  45    9     -14.605525
  45   10     -14.108955
  45   11     -13.644762
  45   12     -13.197815
  45   13     -12.774230
  45   14     -12.370439
  45   15     -11.985259
  45   16     -11.617305
  45   17     -11.264990
  45   18     -10.926866
  45   19     -10.601346
  45   20     -10.286893
  45   21      -9.981973
  45   22      -9.685092
  45   23      -9.394783
  45   24      -9.109614
  45   25      -8.828180
  45   26      -8.549105
  45   27      -8.271037
  45   28      -7.992644
  45   29      -7.712619
  45   30      -7.429681
  45   31      -7.142584
  45   32      -6.850132
  45   33      -6.551211
  45   34      -6.244826
  45   35      -5.930168
  45   36      -5.606699
  45   37      -5.274286
  45   38      -4.933355
  45   39      -4.585077
  45   40      -4.231527
  45   41      -3.875758
  45   42      -3.521780
  45   43      -3.174523
  45   44      -2.840012
  45   45      -2.819352
  45   46      -3.179764
  45   47      -3.887158
  45   48      -4.701763
  45   49      -5.826205
  45   50     -17.229483
    
  46    1     -17.303013
  46    2     -17.356810
  46    3     -18.029475
  46    4     -16.968286
  46    5     -16.680872
  46    6     -17.358321
  46    7     -16.835186
  46    8     -15.750600
  46    9     -15.225031
  46   10     -14.755813
  46   11     -14.279347
  46   12     -13.842508
  46   13     -13.417432
  46   14     -13.014253
  46   15     -12.628608
  46   16     -12.260711
  46   17     -11.908444
  46   18     -11.570333
  46   19     -11.244834
  46   20     -10.930371
  46   21     -10.625451
  46   22     -10.328569
  46   23     -10.038262
  46   24      -9.753093
  46   25      -9.471658
  46   26      -9.192584
  46   27      -8.914515
  46   28      -8.636122
  46   29      -8.356098
  46   30      -8.073160
  46   31      -7.786062
  46   32      -7.493610
  46   33      -7.194689
  46   34      -6.888305
  46   35      -6.573648
  46   36      -6.250184
  46   37      -5.917781
  46   38      -5.576879
  46   39      -5.228675
  46   40      -4.875301
  46   41      -4.519925
  46   42      -4.166760
  46   43      -3.821051
  46   44      -3.489254
  46   45      -3.179764
  46   46      -3.195938
  46   47      -3.614110
  46   48      -4.429162
  46   49      -5.553695
  46   50     -16.948836
    
  47    1     -17.178938
  47    2     -17.357603
  47    3     -17.130005
  47    4     -17.254669
  47    5     -16.725025
  47    6     -16.744323
  47    7     -17.085253
  47    8     -16.530795
  47    9     -15.951414
  47   10     -15.420596
  47   11     -15.028550
  47   12     -14.550288
  47   13     -14.124117
  47   14     -13.717869
  47   15     -13.333423
  47   16     -12.965412
  47   17     -12.613035
  47   18     -12.274840
  47   19     -11.949323
  47   20     -11.634878
  47   21     -11.329957
  47   22     -11.033069
  47   23     -10.742760
  47   24     -10.457591
  47   25     -10.176156
  47   26      -9.897082
  47   27      -9.619013
  47   28      -9.340621
  47   29      -9.060596
  47   30      -8.777658
  47   31      -8.490560
  47   32      -8.198109
  47   33      -7.899188
  47   34      -7.592804
  47   35      -7.278147
  47   36      -6.954684
  47   37      -6.622285
  47   38      -6.281391
  47   39      -5.933208
  47   40      -5.579886
  47   41      -5.224624
  47   42      -4.871694
  47   43      -4.526432
  47   44      -4.195412
  47   45      -3.887158
  47   46      -3.614110
  47   47      -3.688174
  47   48      -4.213415
  47   49      -5.338055
  47   50     -16.468333
    
  48    1     -17.362885
  48    2     -18.445339
  48    3     -17.432361
  48    4     -17.545062
  48    5     -17.315348
  48    6     -16.861748
  48    7     -17.075953
  48    8     -16.554466
  48    9     -16.606753
  48   10     -16.393325
  48   11     -15.802397
  48   12     -15.316979
  48   13     -14.933188
  48   14     -14.530494
  48   15     -14.147437
  48   16     -13.779650
  48   17     -13.427005
  48   18     -13.088868
  48   19     -12.763275
  48   20     -12.448784
  48   21     -12.143806
  48   22     -11.846926
  48   23     -11.556628
  48   24     -11.271450
  48   25     -10.990021
  48   26     -10.710945
  48   27     -10.432876
  48   28     -10.154483
  48   29      -9.874458
  48   30      -9.591520
  48   31      -9.304423
  48   32      -9.011971
  48   33      -8.713050
  48   34      -8.406666
  48   35      -8.092010
  48   36      -7.768547
  48   37      -7.436148
  48   38      -7.095257
  48   39      -6.747080
  48   40      -6.393770
  48   41      -6.038538
  48   42      -5.685669
  48   43      -5.340521
  48   44      -5.009701
  48   45      -4.701763
  48   46      -4.429162
  48   47      -4.213415
  48   48      -4.395494
  48   49      -5.225964
  48   50     -18.509212
    
  49    1     -17.423319
  49    2     -17.862606
  49    3     -18.873717
  49    4     -17.083189
  49    5     -17.294712
  49    6     -17.250372
  49    7     -17.019771
  49    8     -16.915004
  49    9     -17.379995
  49   10     -17.008282
  49   11     -16.512096
  49   12     -16.955047
  49   13     -16.033077
  49   14     -15.680443
  49   15     -15.265532
  49   16     -14.882341
  49   17     -14.526265
  49   18     -14.188821
  49   19     -13.865181
  49   20     -13.549931
  49   21     -13.245550
  49   22     -12.948798
  49   23     -12.658299
  49   24     -12.373130
  49   25     -12.091699
  49   26     -11.812624
  49   27     -11.534559
  49   28     -11.256161
  49   29     -10.976137
  49   30     -10.693201
  49   31     -10.406104
  49   32     -10.113651
  49   33      -9.814731
  49   34      -9.508347
  49   35      -9.193690
  49   36      -8.870228
  49   37      -8.537829
  49   38      -8.196938
  49   39      -7.848762
  49   40      -7.495455
  49   41      -7.140229
  49   42      -6.787372
  49   43      -6.442248
  49   44      -6.111468
  49   45      -5.803595
  49   46      -5.531084
  49   47      -5.315444
  49   48      -5.203352
  49   49      -5.730599
  49   50     -17.459740
    
  50    1     -18.147227
  50    2     -17.265431
  50    3     -17.680544
  50    4     -18.026223
  50    5     -16.833443
  50    6     -17.646089
  50    7     -18.476190
  50    8     -17.102931
  50    9     -16.849758
  50   10     -17.120877
  50   11     -17.082258
  50   12     -17.091320
  50   13     -16.527025
  50   14     -16.687583
  50   15     -17.117344
  50   16     -17.046045
  50   17     -16.575921
  50   18     -16.500486
  50   19     -17.569775
  50   20     -16.676536
  50   21     -17.570736
  50   22     -17.251966
  50   23     -16.681992
  50   24     -16.713497
  50   25     -16.928760
  50   26     -16.817287
  50   27     -16.458189
  50   28     -16.572022
  50   29     -16.986982
  50   30     -16.827781
  50   31     -16.389447
  50   32     -16.444520
  50   33     -16.924289
  50   34     -16.653369
  50   35     -17.204138
  50   36     -16.701525
  50   37     -16.831118
  50   38     -16.966103
  50   39     -17.374121
  50   40     -16.333890
  50   41     -17.015931
  50   42     -16.732081
  50   43     -17.048985
  50   44     -16.610623
  50   45     -16.694721
  50   46     -16.836067
  50   47     -16.333650
  50   48     -16.351793
  50   49     -16.505497
  50   50     -17.158710
    
