   1    1       0.801710
   1    2       0.500356
   1    3      -2.854847
   1    4      -2.994803
   1    5      -3.230195
   1    6      -3.517062
   1    7      -3.835719
   1    8      -4.174609
   1    9      -4.525604
   1   10      -4.882362
   1   11      -5.239803
   1   12      -5.593998
   1   13      -5.942143
   1   14      -6.282466
   1   15      -6.614047
   1   16      -6.936627
   1   17      -7.250419
   1   18      -7.555972
   1   19      -7.854066
   1   20      -8.145648
   1   21      -8.431781
   1   22      -8.713613
   1   23      -8.992370
   1   24      -9.269322
   1   25      -9.545791
   1   26      -9.823176
   1   27     -10.102841
   1   28     -10.386408
   1   29     -10.675166
   1   30     -10.970979
   1   31     -11.274861
   1   32     -11.590211
   1   33     -11.916900
   1   34     -12.254643
   1   35     -12.622480
   1   36     -12.961548
   1   37     -13.368705
   1   38     -13.787726
   1   39     -14.457208
   1   40     -14.367084
   1   41     -14.968619
   1   42     -14.691847
   1   43     -14.966293
   1   44     -14.937590
   1   45     -14.792056
   1   46     -15.057000
   1   47     -15.697923
   1   48     -15.648171
   1   49     -15.755937
    
   2    1       0.500357
   2    2       0.802114
   2    3       0.500011
   2    4      -2.215540
   2    5      -2.451690
   2    6      -2.739079
   2    7      -3.058061
   2    8      -3.397138
   2    9      -3.748233
   2   10      -4.105040
   2   11      -4.462503
   2   12      -4.816708
   2   13      -5.164857
   2   14      -5.505181
   2   15      -5.836763
   2   16      -6.159343
   2   17      -6.473135
   2   18      -6.778688
   2   19      -7.076782
   2   20      -7.368365
   2   21      -7.654498
   2   22      -7.936331
   2   23      -8.215085
   2   24      -8.492035
   2   25      -8.768506
   2   26      -9.045880
   2   27      -9.325589
   2   28      -9.609080
   2   29      -9.897899
   2   30     -10.193673
   2   31     -10.498141
   2   32     -10.812329
   2   33     -11.139153
   2   34     -11.478016
   2   35     -11.834062
   2   36     -12.211780
   2   37     -12.597270
   2   38     -13.028495
   2   39     -13.429940
   2   40     -13.825509
   2   41     -14.798596
   2   42     -14.313949
   2   43     -14.652692
   2   44     -14.671437
   2   45     -14.312334
   2   46     -14.483239
   2   47     -15.366265
   2   48     -15.136764
   2   49     -15.470836
    
   3    1      -2.852960
   3    2       0.500011
   3    3       0.803122
   3    4       0.499353
   3    5      -1.765454
   3    6      -2.054937
   3    7      -2.375225
   3    8      -2.715053
   3    9      -3.066547
   3   10      -3.423550
   3   11      -3.781102
   3   12      -4.135345
   3   13      -4.483510
   3   14      -4.823840
   3   15      -5.155424
   3   16      -5.478005
   3   17      -5.791797
   3   18      -6.097350
   3   19      -6.395445
   3   20      -6.687027
   3   21      -6.973159
   3   22      -7.254993
   3   23      -7.533747
   3   24      -7.810696
   3   25      -8.087170
   3   26      -8.364544
   3   27      -8.644240
   3   28      -8.927748
   3   29      -9.216588
   3   30      -9.512344
   3   31      -9.816576
   3   32     -10.131253
   3   33     -10.457616
   3   34     -10.797788
   3   35     -11.153462
   3   36     -11.525660
   3   37     -11.914957
   3   38     -12.329122
   3   39     -12.753739
   3   40     -13.300515
   3   41     -13.536957
   3   42     -15.342406
   3   43     -14.462849
   3   44     -14.349919
   3   45     -14.432130
   3   46     -14.580998
   3   47     -15.338722
   3   48     -14.955416
   3   49     -15.318682
    
   4    1      -2.992915
   4    2      -2.215540
   4    3       0.499353
   4    4       0.805173
   4    5       0.498229
   4    6      -1.417987
   4    7      -1.742899
   4    8      -2.085378
   4    9      -2.438275
   4   10      -2.795967
   4   11      -3.153832
   4   12      -3.508208
   4   13      -3.856426
   4   14      -4.196776
   4   15      -4.528369
   4   16      -4.850952
   4   17      -5.164746
   4   18      -5.470299
   4   19      -5.768394
   4   20      -6.059976
   4   21      -6.346109
   4   22      -6.627942
   4   23      -6.906696
   4   24      -7.183646
   4   25      -7.460119
   4   26      -7.737491
   4   27      -8.017193
   4   28      -8.300697
   4   29      -8.589534
   4   30      -8.885284
   4   31      -9.189594
   4   32      -9.504096
   4   33      -9.830554
   4   34     -10.170743
   4   35     -10.526054
   4   36     -10.898676
   4   37     -11.291184
   4   38     -11.701433
   4   39     -12.133786
   4   40     -12.581168
   4   41     -13.074305
   4   42     -13.578097
   4   43     -14.154363
   4   44     -14.489078
   4   45     -15.306240
   4   46     -14.985133
   4   47     -15.682087
   4   48     -14.974630
   4   49     -15.860336
    
   5    1      -3.228307
   5    2      -2.451690
   5    3      -1.765454
   5    4       0.498229
   5    5       0.808771
   5    6       0.496469
   5    7      -1.136927
   5    8      -1.488216
   5    9      -1.845759
   5   10      -2.205711
   5   11      -2.564597
   5   12      -2.919403
   5   13      -3.267793
   5   14      -3.608209
   5   15      -3.939826
   5   16      -4.262419
   5   17      -4.576216
   5   18      -4.881770
   5   19      -5.179866
   5   20      -5.471448
   5   21      -5.757581
   5   22      -6.039415
   5   23      -6.318168
   5   24      -6.595118
   5   25      -6.871591
   5   26      -7.148964
   5   27      -7.428665
   5   28      -7.712169
   5   29      -8.001006
   5   30      -8.296758
   5   31      -8.601057
   5   32      -8.915581
   5   33      -9.242035
   5   34      -9.582159
   5   35      -9.937752
   5   36     -10.310247
   5   37     -10.701415
   5   38     -11.113361
   5   39     -11.544813
   5   40     -12.003373
   5   41     -12.479896
   5   42     -12.994460
   5   43     -13.433252
   5   44     -14.642039
   5   45     -14.313175
   5   46     -15.063640
   5   47     -15.150066
   5   48     -14.671281
   5   49     -14.946138
    
   6    1      -3.515173
   6    2      -2.739079
   6    3      -2.054937
   6    4      -1.417987
   6    5       0.496469
   6    6       0.814422
   6    7       0.493902
   6    8      -0.903144
   6    9      -1.275787
   6   10      -1.643006
   6   11      -2.005121
   6   12      -2.361269
   6   13      -2.710189
   6   14      -3.050807
   6   15      -3.382499
   6   16      -3.705120
   6   17      -4.018928
   6   18      -4.324486
   6   19      -4.622583
   6   20      -4.914166
   6   21      -5.200299
   6   22      -5.482133
   6   23      -5.760886
   6   24      -6.037836
   6   25      -6.314309
   6   26      -6.591682
   6   27      -6.871382
   6   28      -7.154887
   6   29      -7.443724
   6   30      -7.739476
   6   31      -8.043774
   6   32      -8.358298
   6   33      -8.684759
   6   34      -9.024880
   6   35      -9.380405
   6   36      -9.752986
   6   37     -10.144267
   6   38     -10.555738
   6   39     -10.989026
   6   40     -11.443213
   6   41     -11.924127
   6   42     -12.428839
   6   43     -12.967062
   6   44     -13.470375
   6   45     -13.956802
   6   46     -14.853507
   6   47     -15.414620
   6   48     -14.692279
   6   49     -15.169947
    
   7    1      -3.833830
   7    2      -3.058061
   7    3      -2.375226
   7    4      -1.742899
   7    5      -1.136927
   7    6       0.493902
   7    7       0.822551
   7    8       0.490376
   7    9      -0.705216
   7   10      -1.096307
   7   11      -1.468754
   7   12      -1.829074
   7   13      -2.179604
   7   14      -2.520828
   7   15      -2.852746
   7   16      -3.175450
   7   17      -3.489288
   7   18      -3.794858
   7   19      -4.092959
   7   20      -4.384543
   7   21      -4.670677
   7   22      -4.952511
   7   23      -5.231265
   7   24      -5.508215
   7   25      -5.784687
   7   26      -6.062061
   7   27      -6.341761
   7   28      -6.625265
   7   29      -6.914103
   7   30      -7.209855
   7   31      -7.514153
   7   32      -7.828677
   7   33      -8.155136
   7   34      -8.495263
   7   35      -8.850776
   7   36      -9.223374
   7   37      -9.614658
   7   38     -10.026065
   7   39     -10.459022
   7   40     -10.914729
   7   41     -11.394562
   7   42     -11.895708
   7   43     -12.422397
   7   44     -12.995165
   7   45     -13.707641
   7   46     -13.937222
   7   47     -14.612163
   7   48     -14.581830
   7   49     -14.754949
    
   8    1      -4.172720
   8    2      -3.397139
   8    3      -2.715053
   8    4      -2.085378
   8    5      -1.488216
   8    6      -0.903144
   8    7       0.490376
   8    8       0.833423
   8    9       0.485781
   8   10      -0.535743
   8   11      -0.943581
   8   12      -1.317401
   8   13      -1.672900
   8   14      -2.015936
   8   15      -2.348515
   8   16      -2.671462
   8   17      -2.985389
   8   18      -3.290992
   8   19      -3.589105
   8   20      -3.880695
   8   21      -4.166830
   8   22      -4.448665
   8   23      -4.727419
   8   24      -5.004369
   8   25      -5.280842
   8   26      -5.558215
   8   27      -5.837915
   8   28      -6.121419
   8   29      -6.410257
   8   30      -6.706009
   8   31      -7.010308
   8   32      -7.324830
   8   33      -7.651290
   8   34      -7.991417
   8   35      -8.346934
   8   36      -8.719528
   8   37      -9.110796
   8   38      -9.522270
   8   39      -9.955184
   8   40     -10.410887
   8   41     -10.889164
   8   42     -11.394640
   8   43     -11.927646
   8   44     -12.472716
   8   45     -13.054237
   8   46     -13.753571
   8   47     -14.455594
   8   48     -14.795678
   8   49     -15.701840
    
   9    1      -4.523715
   9    2      -3.748233
   9    3      -3.066547
   9    4      -2.438275
   9    5      -1.845759
   9    6      -1.275787
   9    7      -0.705216
   9    8       0.485781
   9    9       0.847091
   9   10       0.480060
   9   11      -0.389623
   9   12      -0.813212
   9   13      -1.185025
   9   14      -1.533623
   9   15      -1.868162
   9   16      -2.191814
   9   17      -2.505999
   9   18      -2.811697
   9   19      -3.109846
   9   20      -3.401448
   9   21      -3.687589
   9   22      -3.969425
   9   23      -4.248180
   9   24      -4.525130
   9   25      -4.801603
   9   26      -5.078977
   9   27      -5.358677
   9   28      -5.642181
   9   29      -5.931018
   9   30      -6.226770
   9   31      -6.531069
   9   32      -6.845592
   9   33      -7.172052
   9   34      -7.512177
   9   35      -7.867696
   9   36      -8.240289
   9   37      -8.631569
   9   38      -9.043001
   9   39      -9.475936
   9   40      -9.931536
   9   41     -10.411031
   9   42     -10.914149
   9   43     -11.444707
   9   44     -12.000570
   9   45     -12.592902
   9   46     -13.205420
   9   47     -13.932807
   9   48     -14.673832
   9   49     -15.333197
    
  10    1      -4.880473
  10    2      -4.105040
  10    3      -3.423550
  10    4      -2.795967
  10    5      -2.205711
  10    6      -1.643006
  10    7      -1.096307
  10    8      -0.535743
  10    9       0.480060
  10   10       0.863371
  10   11       0.473222
  10   12      -0.263152
  10   13      -0.701903
  10   14      -1.068787
  10   15      -1.409323
  10   16      -1.735051
  10   17      -2.049979
  10   18      -2.355948
  10   19      -2.654197
  10   20      -2.945837
  10   21      -3.231991
  10   22      -3.513833
  10   23      -3.792590
  10   24      -4.069541
  10   25      -4.346014
  10   26      -4.623388
  10   27      -4.903088
  10   28      -5.186592
  10   29      -5.475430
  10   30      -5.771182
  10   31      -6.075480
  10   32      -6.390003
  10   33      -6.716463
  10   34      -7.056589
  10   35      -7.412106
  10   36      -7.784700
  10   37      -8.175976
  10   38      -8.587420
  10   39      -9.020368
  10   40      -9.475955
  10   41      -9.955149
  10   42     -10.459210
  10   43     -10.987764
  10   44     -11.548040
  10   45     -12.133683
  10   46     -12.753196
  10   47     -13.464374
  10   48     -14.225709
  10   49     -14.927960
    
  11    1      -5.237913
  11    2      -4.462503
  11    3      -3.781102
  11    4      -3.153832
  11    5      -2.564597
  11    6      -2.005121
  11    7      -1.468754
  11    8      -0.943581
  11    9      -0.389623
  11   10       0.473222
  11   11       0.881857
  11   12       0.465347
  11   13      -0.153523
  11   14      -0.607054
  11   15      -0.966579
  11   16      -1.298707
  11   17      -1.615805
  11   18      -1.922554
  11   19      -2.221087
  11   20      -2.512832
  11   21      -2.799026
  11   22      -3.080883
  11   23      -3.359646
  11   24      -3.636598
  11   25      -3.913073
  11   26      -4.190447
  11   27      -4.470147
  11   28      -4.753651
  11   29      -5.042489
  11   30      -5.338241
  11   31      -5.642539
  11   32      -5.957062
  11   33      -6.283522
  11   34      -6.623648
  11   35      -6.979166
  11   36      -7.351760
  11   37      -7.743035
  11   38      -8.154481
  11   39      -8.587421
  11   40      -9.043008
  11   41      -9.522250
  11   42     -10.026060
  11   43     -10.555977
  11   44     -11.112480
  11   45     -11.700308
  11   46     -12.336397
  11   47     -12.998870
  11   48     -13.751508
  11   49     -15.667583
    
  12    1      -5.592108
  12    2      -4.816708
  12    3      -4.135345
  12    4      -3.508208
  12    5      -2.919403
  12    6      -2.361269
  12    7      -1.829074
  12    8      -1.317401
  12    9      -0.813212
  12   10      -0.263152
  12   11       0.465347
  12   12       0.901981
  12   13       0.456585
  12   14      -0.058530
  12   15      -0.526530
  12   16      -0.876798
  12   17      -1.200837
  12   18      -1.509813
  12   19      -1.809167
  12   20      -2.101209
  12   21      -2.387515
  12   22      -2.669413
  12   23      -2.948191
  12   24      -3.225150
  12   25      -3.501627
  12   26      -3.779001
  12   27      -4.058702
  12   28      -4.342207
  12   29      -4.631044
  12   30      -4.926796
  12   31      -5.231095
  12   32      -5.545618
  12   33      -5.872077
  12   34      -6.212204
  12   35      -6.567721
  12   36      -6.940315
  12   37      -7.331591
  12   38      -7.743036
  12   39      -8.175976
  12   40      -8.631561
  12   41      -9.110817
  12   42      -9.614629
  12   43     -10.144322
  12   44     -10.701490
  12   45     -11.290190
  12   46     -11.916390
  12   47     -12.596868
  12   48     -13.400757
  12   49     -14.279231
    
  13    1      -5.940254
  13    2      -5.164857
  13    3      -4.483510
  13    4      -3.856426
  13    5      -3.267793
  13    6      -2.710189
  13    7      -2.179604
  13    8      -1.672900
  13    9      -1.185025
  13   10      -0.701903
  13   11      -0.153523
  13   12       0.456585
  13   13       0.923079
  13   14       0.447142
  13   15       0.023616
  13   16      -0.458516
  13   17      -0.798200
  13   18      -1.114945
  13   19      -1.416521
  13   20      -1.709439
  13   21      -1.996050
  13   22      -2.278067
  13   23      -2.556888
  13   24      -2.833864
  13   25      -3.110347
  13   26      -3.387724
  13   27      -3.667426
  13   28      -3.950930
  13   29      -4.239768
  13   30      -4.535520
  13   31      -4.839819
  13   32      -5.154342
  13   33      -5.480801
  13   34      -5.820928
  13   35      -6.176445
  13   36      -6.549039
  13   37      -6.940315
  13   38      -7.351759
  13   39      -7.784701
  13   40      -8.240290
  13   41      -8.719525
  13   42      -9.223377
  13   43      -9.752947
  13   44     -10.310529
  13   45     -10.898388
  13   46     -11.525081
  13   47     -12.212395
  13   48     -12.978296
  13   49     -14.019704
    
  14    1      -6.280576
  14    2      -5.505181
  14    3      -4.823840
  14    4      -4.196776
  14    5      -3.608209
  14    6      -3.050807
  14    7      -2.520828
  14    8      -2.015936
  14    9      -1.533623
  14   10      -1.068787
  14   11      -0.607054
  14   12      -0.058530
  14   13       0.447142
  14   14       0.944469
  14   15       0.437272
  14   16       0.094396
  14   17      -0.401439
  14   18      -0.729795
  14   19      -1.040344
  14   20      -1.335382
  14   21      -1.622947
  14   22      -1.905274
  14   23      -2.184221
  14   24      -2.461242
  14   25      -2.737742
  14   26      -3.015126
  14   27      -3.294830
  14   28      -3.578336
  14   29      -3.867174
  14   30      -4.162926
  14   31      -4.467225
  14   32      -4.781748
  14   33      -5.108208
  14   34      -5.448334
  14   35      -5.803852
  14   36      -6.176445
  14   37      -6.567721
  14   38      -6.979166
  14   39      -7.412107
  14   40      -7.867696
  14   41      -8.346932
  14   42      -8.850786
  14   43      -9.380397
  14   44      -9.937676
  14   45     -10.526110
  14   46     -11.153662
  14   47     -11.834318
  14   48     -12.603929
  14   49     -13.779361
    
  15    1      -6.612158
  15    2      -5.836763
  15    3      -5.155424
  15    4      -4.528369
  15    5      -3.939826
  15    6      -3.382499
  15    7      -2.852746
  15    8      -2.348515
  15    9      -1.868162
  15   10      -1.409323
  15   11      -0.966579
  15   12      -0.526530
  15   13       0.023616
  15   14       0.437272
  15   15       0.965506
  15   16       0.427256
  15   17       0.155051
  15   18      -0.353920
  15   19      -0.670775
  15   20      -0.976383
  15   21      -1.265853
  15   22      -1.549239
  15   23      -1.828493
  15   24      -2.105649
  15   25      -2.382195
  15   26      -2.659598
  15   27      -2.939309
  15   28      -3.222817
  15   29      -3.511656
  15   30      -3.807409
  15   31      -4.111708
  15   32      -4.426231
  15   33      -4.752690
  15   34      -5.092817
  15   35      -5.448334
  15   36      -5.820928
  15   37      -6.212204
  15   38      -6.623648
  15   39      -7.056589
  15   40      -7.512178
  15   41      -7.991417
  15   42      -8.495261
  15   43      -9.024885
  15   44      -9.582144
  15   45     -10.170760
  15   46     -10.797804
  15   47     -11.478339
  15   48     -12.258912
  15   49     -13.305728
    
  16    1      -6.934737
  16    2      -6.159343
  16    3      -5.478005
  16    4      -4.850952
  16    5      -4.262419
  16    6      -3.705120
  16    7      -3.175450
  16    8      -2.671462
  16    9      -2.191814
  16   10      -1.735051
  16   11      -1.298707
  16   12      -0.876798
  16   13      -0.458516
  16   14       0.094396
  16   15       0.427256
  16   16       0.985623
  16   17       0.417385
  16   18       0.206628
  16   19      -0.314753
  16   20      -0.620475
  16   21      -0.922435
  16   22      -1.207401
  16   23      -1.487849
  16   24      -1.765299
  16   25      -2.041991
  16   26      -2.319440
  16   27      -2.599171
  16   28      -2.882686
  16   29      -3.171528
  16   30      -3.467282
  16   31      -3.771581
  16   32      -4.086104
  16   33      -4.412564
  16   34      -4.752690
  16   35      -5.108208
  16   36      -5.480801
  16   37      -5.872077
  16   38      -6.283522
  16   39      -6.716463
  16   40      -7.172052
  16   41      -7.651290
  16   42      -8.155135
  16   43      -8.684761
  16   44      -9.242027
  16   45      -9.830579
  16   46     -10.457616
  16   47     -11.139036
  16   48     -11.914590
  16   49     -13.008818
    
  17    1      -7.248530
  17    2      -6.473135
  17    3      -5.791797
  17    4      -5.164746
  17    5      -4.576216
  17    6      -4.018928
  17    7      -3.489288
  17    8      -2.985389
  17    9      -2.505999
  17   10      -2.049979
  17   11      -1.615805
  17   12      -1.200837
  17   13      -0.798200
  17   14      -0.401439
  17   15       0.155051
  17   16       0.417385
  17   17       1.004351
  17   18       0.407947
  17   19       0.250008
  17   20      -0.282885
  17   21      -0.578341
  17   22      -0.877913
  17   23      -1.159531
  17   24      -1.438329
  17   25      -1.715296
  17   26      -1.992902
  17   27      -2.272679
  17   28      -2.556215
  17   29      -2.845064
  17   30      -3.140820
  17   31      -3.445121
  17   32      -3.759644
  17   33      -4.086104
  17   34      -4.426231
  17   35      -4.781748
  17   36      -5.154342
  17   37      -5.545618
  17   38      -5.957062
  17   39      -6.390003
  17   40      -6.845592
  17   41      -7.324830
  17   42      -7.828677
  17   43      -8.358299
  17   44      -8.915580
  17   45      -9.504103
  17   46     -10.131173
  17   47     -10.812332
  17   48     -11.588417
  17   49     -12.676841
    
  18    1      -7.554082
  18    2      -6.778688
  18    3      -6.097350
  18    4      -5.470299
  18    5      -4.881770
  18    6      -4.324486
  18    7      -3.794858
  18    8      -3.290992
  18    9      -2.811697
  18   10      -2.355948
  18   11      -1.922554
  18   12      -1.509813
  18   13      -1.114945
  18   14      -0.729795
  18   15      -0.353920
  18   16       0.206628
  18   17       0.407947
  18   18       1.021317
  18   19       0.399208
  18   20       0.285927
  18   21      -0.257416
  18   22      -0.543913
  18   23      -0.842281
  18   24      -1.121801
  18   25      -1.400274
  18   26      -1.678132
  18   27      -1.958078
  18   28      -2.241659
  18   29      -2.530529
  18   30      -2.826293
  18   31      -3.130596
  18   32      -3.445121
  18   33      -3.771581
  18   34      -4.111708
  18   35      -4.467225
  18   36      -4.839819
  18   37      -5.231095
  18   38      -5.642539
  18   39      -6.075480
  18   40      -6.531069
  18   41      -7.010308
  18   42      -7.514153
  18   43      -8.043775
  18   44      -8.601057
  18   45      -9.189591
  18   46      -9.816610
  18   47     -10.497974
  18   48     -11.273560
  18   49     -12.363501
    
  19    1      -7.852177
  19    2      -7.076782
  19    3      -6.395445
  19    4      -5.768394
  19    5      -5.179866
  19    6      -4.622583
  19    7      -4.092959
  19    8      -3.589105
  19    9      -3.109846
  19   10      -2.654197
  19   11      -2.221087
  19   12      -1.809167
  19   13      -1.416521
  19   14      -1.040344
  19   15      -0.670775
  19   16      -0.314753
  19   17       0.250008
  19   18       0.399208
  19   19       1.036238
  19   20       0.391407
  19   21       0.314990
  19   22      -0.237590
  19   23      -0.516815
  19   24      -0.815075
  19   25      -1.093841
  19   26      -1.373348
  19   27      -1.653523
  19   28      -1.937282
  19   29      -2.226197
  19   30      -2.521983
  19   31      -2.826293
  19   32      -3.140820
  19   33      -3.467282
  19   34      -3.807409
  19   35      -4.162926
  19   36      -4.535520
  19   37      -4.926796
  19   38      -5.338241
  19   39      -5.771182
  19   40      -6.226770
  19   41      -6.706009
  19   42      -7.209855
  19   43      -7.739475
  19   44      -8.296760
  19   45      -8.885282
  19   46      -9.512333
  19   47     -10.193740
  19   48     -10.968798
  19   49     -12.061080
    
  20    1      -8.143759
  20    2      -7.368365
  20    3      -6.687027
  20    4      -6.059976
  20    5      -5.471448
  20    6      -4.914166
  20    7      -4.384543
  20    8      -3.880695
  20    9      -3.401448
  20   10      -2.945837
  20   11      -2.512832
  20   12      -2.101209
  20   13      -1.709439
  20   14      -1.335382
  20   15      -0.976383
  20   16      -0.620475
  20   17      -0.282885
  20   18       0.285927
  20   19       0.391407
  20   20       1.048908
  20   21       0.384749
  20   22       0.337683
  20   23      -0.222796
  20   24      -0.496748
  20   25      -0.795921
  20   26      -1.075364
  20   27      -1.357297
  20   28      -1.641270
  20   29      -1.930367
  20   30      -2.226197
  20   31      -2.530529
  20   32      -2.845064
  20   33      -3.171528
  20   34      -3.511656
  20   35      -3.867174
  20   36      -4.239768
  20   37      -4.631044
  20   38      -5.042489
  20   39      -5.475430
  20   40      -5.931018
  20   41      -6.410257
  20   42      -6.914103
  20   43      -7.443724
  20   44      -8.001007
  20   45      -8.589532
  20   46      -9.216592
  20   47      -9.897904
  20   48     -10.673363
  20   49     -11.763214
    
  21    1      -8.429890
  21    2      -7.654498
  21    3      -6.973159
  21    4      -6.346109
  21    5      -5.757581
  21    6      -5.200299
  21    7      -4.670677
  21    8      -4.166830
  21    9      -3.687589
  21   10      -3.231991
  21   11      -2.799026
  21   12      -2.387515
  21   13      -1.996050
  21   14      -1.622947
  21   15      -1.265853
  21   16      -0.922435
  21   17      -0.578341
  21   18      -0.257416
  21   19       0.314990
  21   20       0.384749
  21   21       1.059181
  21   22       0.379401
  21   23       0.354384
  21   24      -0.212562
  21   25      -0.483493
  21   26      -0.784541
  21   27      -1.066175
  21   28      -1.351965
  21   29      -1.641270
  21   30      -1.937282
  21   31      -2.241659
  21   32      -2.556215
  21   33      -2.882686
  21   34      -3.222817
  21   35      -3.578336
  21   36      -3.950930
  21   37      -4.342207
  21   38      -4.753651
  21   39      -5.186592
  21   40      -5.642181
  21   41      -6.121419
  21   42      -6.625265
  21   43      -7.154887
  21   44      -7.712169
  21   45      -8.300697
  21   46      -8.927750
  21   47      -9.609077
  21   48     -10.384434
  21   49     -11.475391
    
  22    1      -8.711725
  22    2      -7.936331
  22    3      -7.254993
  22    4      -6.627942
  22    5      -6.039415
  22    6      -5.482133
  22    7      -4.952511
  22    8      -4.448665
  22    9      -3.969425
  22   10      -3.513833
  22   11      -3.080883
  22   12      -2.669413
  22   13      -2.278067
  22   14      -1.905274
  22   15      -1.549239
  22   16      -1.207401
  22   17      -0.877913
  22   18      -0.543913
  22   19      -0.237590
  22   20       0.337683
  22   21       0.379401
  22   22       1.066957
  22   23       0.375491
  22   24       0.365367
  22   25      -0.206555
  22   26      -0.476902
  22   27      -0.780767
  22   28      -1.066175
  22   29      -1.357297
  22   30      -1.653523
  22   31      -1.958078
  22   32      -2.272679
  22   33      -2.599171
  22   34      -2.939309
  22   35      -3.294830
  22   36      -3.667426
  22   37      -4.058702
  22   38      -4.470147
  22   39      -4.903088
  22   40      -5.358677
  22   41      -5.837915
  22   42      -6.341761
  22   43      -6.871382
  22   44      -7.428664
  22   45      -8.017192
  22   46      -8.644244
  22   47      -9.325570
  22   48     -10.101022
  22   49     -11.191237
    
  23    1      -8.990480
  23    2      -8.215085
  23    3      -7.533747
  23    4      -6.906696
  23    5      -6.318168
  23    6      -5.760886
  23    7      -5.231265
  23    8      -4.727419
  23    9      -4.248180
  23   10      -3.792590
  23   11      -3.359646
  23   12      -2.948191
  23   13      -2.556888
  23   14      -2.184221
  23   15      -1.828493
  23   16      -1.487849
  23   17      -1.159531
  23   18      -0.842281
  23   19      -0.516815
  23   20      -0.222796
  23   21       0.354384
  23   22       0.375491
  23   23       1.072172
  23   24       0.373109
  23   25       0.370814
  23   26      -0.204575
  23   27      -0.476902
  23   28      -0.784541
  23   29      -1.075364
  23   30      -1.373348
  23   31      -1.678132
  23   32      -1.992902
  23   33      -2.319440
  23   34      -2.659598
  23   35      -3.015126
  23   36      -3.387724
  23   37      -3.779001
  23   38      -4.190447
  23   39      -4.623388
  23   40      -5.078977
  23   41      -5.558215
  23   42      -6.062061
  23   43      -6.591682
  23   44      -7.148964
  23   45      -7.737492
  23   46      -8.364541
  23   47      -9.045885
  23   48      -9.821277
  23   49     -10.911607
    
  24    1      -9.267429
  24    2      -8.492035
  24    3      -7.810696
  24    4      -7.183646
  24    5      -6.595118
  24    6      -6.037836
  24    7      -5.508215
  24    8      -5.004369
  24    9      -4.525130
  24   10      -4.069541
  24   11      -3.636598
  24   12      -3.225150
  24   13      -2.833864
  24   14      -2.461242
  24   15      -2.105649
  24   16      -1.765299
  24   17      -1.438329
  24   18      -1.121801
  24   19      -0.815075
  24   20      -0.496748
  24   21      -0.212562
  24   22       0.365367
  24   23       0.373109
  24   24       1.074788
  24   25       0.372309
  24   26       0.370814
  24   27      -0.206555
  24   28      -0.483493
  24   29      -0.795921
  24   30      -1.093841
  24   31      -1.400274
  24   32      -1.715296
  24   33      -2.041991
  24   34      -2.382195
  24   35      -2.737742
  24   36      -3.110347
  24   37      -3.501627
  24   38      -3.913073
  24   39      -4.346014
  24   40      -4.801603
  24   41      -5.280842
  24   42      -5.784688
  24   43      -6.314309
  24   44      -6.871591
  24   45      -7.460119
  24   46      -8.087170
  24   47      -8.768505
  24   48      -9.543902
  24   49     -10.634301
    
  25    1      -9.543912
  25    2      -8.768505
  25    3      -8.087170
  25    4      -7.460119
  25    5      -6.871591
  25    6      -6.314309
  25    7      -5.784687
  25    8      -5.280842
  25    9      -4.801603
  25   10      -4.346014
  25   11      -3.913073
  25   12      -3.501627
  25   13      -3.110347
  25   14      -2.737742
  25   15      -2.382195
  25   16      -2.041991
  25   17      -1.715296
  25   18      -1.400274
  25   19      -1.093841
  25   20      -0.795921
  25   21      -0.483493
  25   22      -0.206555
  25   23       0.370814
  25   24       0.372309
  25   25       1.074788
  25   26       0.373109
  25   27       0.365367
  25   28      -0.212562
  25   29      -0.496748
  25   30      -0.815075
  25   31      -1.121801
  25   32      -1.438329
  25   33      -1.765299
  25   34      -2.105649
  25   35      -2.461242
  25   36      -2.833864
  25   37      -3.225150
  25   38      -3.636598
  25   39      -4.069541
  25   40      -4.525130
  25   41      -5.004369
  25   42      -5.508215
  25   43      -6.037836
  25   44      -6.595118
  25   45      -7.183646
  25   46      -7.810696
  25   47      -8.492036
  25   48      -9.267426
  25   49     -10.357803
    
  26    1      -9.821273
  26    2      -9.045881
  26    3      -8.364543
  26    4      -7.737492
  26    5      -7.148964
  26    6      -6.591682
  26    7      -6.062061
  26    8      -5.558215
  26    9      -5.078977
  26   10      -4.623388
  26   11      -4.190447
  26   12      -3.779001
  26   13      -3.387724
  26   14      -3.015126
  26   15      -2.659598
  26   16      -2.319440
  26   17      -1.992902
  26   18      -1.678132
  26   19      -1.373348
  26   20      -1.075364
  26   21      -0.784541
  26   22      -0.476902
  26   23      -0.204575
  26   24       0.370814
  26   25       0.373109
  26   26       1.072172
  26   27       0.375491
  26   28       0.354384
  26   29      -0.222796
  26   30      -0.516815
  26   31      -0.842281
  26   32      -1.159531
  26   33      -1.487849
  26   34      -1.828493
  26   35      -2.184221
  26   36      -2.556888
  26   37      -2.948191
  26   38      -3.359646
  26   39      -3.792590
  26   40      -4.248180
  26   41      -4.727419
  26   42      -5.231265
  26   43      -5.760886
  26   44      -6.318168
  26   45      -6.906696
  26   46      -7.533747
  26   47      -8.215086
  26   48      -8.990477
  26   49     -10.080872
    
  27    1     -10.100922
  27    2      -9.325594
  27    3      -8.644240
  27    4      -8.017193
  27    5      -7.428664
  27    6      -6.871382
  27    7      -6.341761
  27    8      -5.837915
  27    9      -5.358677
  27   10      -4.903088
  27   11      -4.470147
  27   12      -4.058702
  27   13      -3.667426
  27   14      -3.294830
  27   15      -2.939309
  27   16      -2.599171
  27   17      -2.272679
  27   18      -1.958078
  27   19      -1.653523
  27   20      -1.357297
  27   21      -1.066175
  27   22      -0.780767
  27   23      -0.476902
  27   24      -0.206555
  27   25       0.365367
  27   26       0.375491
  27   27       1.066957
  27   28       0.379401
  27   29       0.337683
  27   30      -0.237590
  27   31      -0.543913
  27   32      -0.877913
  27   33      -1.207401
  27   34      -1.549239
  27   35      -1.905274
  27   36      -2.278067
  27   37      -2.669413
  27   38      -3.080883
  27   39      -3.513833
  27   40      -3.969425
  27   41      -4.448665
  27   42      -4.952511
  27   43      -5.482133
  27   44      -6.039415
  27   45      -6.627943
  27   46      -7.254993
  27   47      -7.936331
  27   48      -8.711725
  27   49      -9.802114
    
  28    1     -10.384580
  28    2      -9.609063
  28    3      -8.927751
  28    4      -8.300696
  28    5      -7.712169
  28    6      -7.154887
  28    7      -6.625265
  28    8      -6.121420
  28    9      -5.642181
  28   10      -5.186592
  28   11      -4.753651
  28   12      -4.342207
  28   13      -3.950930
  28   14      -3.578336
  28   15      -3.222817
  28   16      -2.882686
  28   17      -2.556215
  28   18      -2.241659
  28   19      -1.937282
  28   20      -1.641270
  28   21      -1.351965
  28   22      -1.066175
  28   23      -0.784541
  28   24      -0.483493
  28   25      -0.212562
  28   26       0.354384
  28   27       0.379401
  28   28       1.059181
  28   29       0.384749
  28   30       0.314990
  28   31      -0.257416
  28   32      -0.578341
  28   33      -0.922435
  28   34      -1.265853
  28   35      -1.622947
  28   36      -1.996050
  28   37      -2.387515
  28   38      -2.799026
  28   39      -3.231991
  28   40      -3.687589
  28   41      -4.166830
  28   42      -4.670677
  28   43      -5.200299
  28   44      -5.757581
  28   45      -6.346109
  28   46      -6.973159
  28   47      -7.654497
  28   48      -8.429892
  28   49      -9.520266
    
  29    1     -10.673331
  29    2      -9.897922
  29    3      -9.216582
  29    4      -8.589534
  29    5      -8.001006
  29    6      -7.443724
  29    7      -6.914103
  29    8      -6.410257
  29    9      -5.931018
  29   10      -5.475430
  29   11      -5.042489
  29   12      -4.631044
  29   13      -4.239768
  29   14      -3.867174
  29   15      -3.511656
  29   16      -3.171528
  29   17      -2.845064
  29   18      -2.530529
  29   19      -2.226197
  29   20      -1.930367
  29   21      -1.641270
  29   22      -1.357297
  29   23      -1.075364
  29   24      -0.795921
  29   25      -0.496748
  29   26      -0.222796
  29   27       0.337683
  29   28       0.384749
  29   29       1.048908
  29   30       0.391407
  29   31       0.285927
  29   32      -0.282885
  29   33      -0.620475
  29   34      -0.976383
  29   35      -1.335382
  29   36      -1.709439
  29   37      -2.101209
  29   38      -2.512832
  29   39      -2.945837
  29   40      -3.401448
  29   41      -3.880695
  29   42      -4.384543
  29   43      -4.914166
  29   44      -5.471448
  29   45      -6.059976
  29   46      -6.687027
  29   47      -7.368365
  29   48      -8.143759
  29   49      -9.234136
    
  30    1     -10.968734
  30    2     -10.193708
  30    3      -9.512342
  30    4      -8.885288
  30    5      -8.296757
  30    6      -7.739476
  30    7      -7.209855
  30    8      -6.706009
  30    9      -6.226770
  30   10      -5.771182
  30   11      -5.338241
  30   12      -4.926796
  30   13      -4.535520
  30   14      -4.162926
  30   15      -3.807409
  30   16      -3.467282
  30   17      -3.140820
  30   18      -2.826293
  30   19      -2.521983
  30   20      -2.226197
  30   21      -1.937282
  30   22      -1.653523
  30   23      -1.373348
  30   24      -1.093841
  30   25      -0.815075
  30   26      -0.516815
  30   27      -0.237590
  30   28       0.314990
  30   29       0.391407
  30   30       1.036238
  30   31       0.399208
  30   32       0.250008
  30   33      -0.314753
  30   34      -0.670775
  30   35      -1.040344
  30   36      -1.416521
  30   37      -1.809167
  30   38      -2.221087
  30   39      -2.654197
  30   40      -3.109846
  30   41      -3.589105
  30   42      -4.092959
  30   43      -4.622583
  30   44      -5.179866
  30   45      -5.768394
  30   46      -6.395445
  30   47      -7.076782
  30   48      -7.852176
  30   49      -8.942559
    
  31    1     -11.273472
  31    2     -10.497945
  31    3      -9.816648
  31    4      -9.189578
  31    5      -8.601059
  31    6      -8.043775
  31    7      -7.514153
  31    8      -7.010308
  31    9      -6.531069
  31   10      -6.075480
  31   11      -5.642539
  31   12      -5.231095
  31   13      -4.839819
  31   14      -4.467225
  31   15      -4.111708
  31   16      -3.771581
  31   17      -3.445121
  31   18      -3.130596
  31   19      -2.826293
  31   20      -2.530529
  31   21      -2.241659
  31   22      -1.958078
  31   23      -1.678132
  31   24      -1.400274
  31   25      -1.121801
  31   26      -0.842281
  31   27      -0.543913
  31   28      -0.257416
  31   29       0.285927
  31   30       0.399208
  31   31       1.021317
  31   32       0.407947
  31   33       0.206628
  31   34      -0.353920
  31   35      -0.729795
  31   36      -1.114945
  31   37      -1.509813
  31   38      -1.922554
  31   39      -2.355948
  31   40      -2.811697
  31   41      -3.290992
  31   42      -3.794858
  31   43      -4.324486
  31   44      -4.881770
  31   45      -5.470299
  31   46      -6.097350
  31   47      -6.778688
  31   48      -7.554082
  31   49      -8.644462
    
  32    1     -11.587866
  32    2     -10.812557
  32    3     -10.131131
  32    4      -9.504107
  32    5      -8.915582
  32    6      -8.358298
  32    7      -7.828676
  32    8      -7.324831
  32    9      -6.845592
  32   10      -6.390003
  32   11      -5.957062
  32   12      -5.545618
  32   13      -5.154342
  32   14      -4.781748
  32   15      -4.426231
  32   16      -4.086104
  32   17      -3.759644
  32   18      -3.445121
  32   19      -3.140820
  32   20      -2.845064
  32   21      -2.556215
  32   22      -2.272679
  32   23      -1.992902
  32   24      -1.715296
  32   25      -1.438329
  32   26      -1.159531
  32   27      -0.877913
  32   28      -0.578341
  32   29      -0.282885
  32   30       0.250008
  32   31       0.407947
  32   32       1.004351
  32   33       0.417385
  32   34       0.155051
  32   35      -0.401439
  32   36      -0.798200
  32   37      -1.200837
  32   38      -1.615805
  32   39      -2.049979
  32   40      -2.505999
  32   41      -2.985389
  32   42      -3.489288
  32   43      -4.018928
  32   44      -4.576216
  32   45      -5.164746
  32   46      -5.791797
  32   47      -6.473135
  32   48      -7.248529
  32   49      -8.338910
    
  33    1     -11.915690
  33    2     -11.138558
  33    3     -10.457631
  33    4      -9.830584
  33    5      -9.242041
  33    6      -8.684756
  33    7      -8.155136
  33    8      -7.651290
  33    9      -7.172052
  33   10      -6.716463
  33   11      -6.283522
  33   12      -5.872077
  33   13      -5.480801
  33   14      -5.108208
  33   15      -4.752690
  33   16      -4.412564
  33   17      -4.086104
  33   18      -3.771581
  33   19      -3.467282
  33   20      -3.171528
  33   21      -2.882686
  33   22      -2.599171
  33   23      -2.319440
  33   24      -2.041991
  33   25      -1.765299
  33   26      -1.487849
  33   27      -1.207401
  33   28      -0.922435
  33   29      -0.620475
  33   30      -0.314753
  33   31       0.206628
  33   32       0.417385
  33   33       0.985623
  33   34       0.427256
  33   35       0.094396
  33   36      -0.458516
  33   37      -0.876798
  33   38      -1.298707
  33   39      -1.735051
  33   40      -2.191814
  33   41      -2.671462
  33   42      -3.175450
  33   43      -3.705120
  33   44      -4.262419
  33   45      -4.850952
  33   46      -5.478005
  33   47      -6.159343
  33   48      -6.934737
  33   49      -8.025118
    
  34    1     -12.253282
  34    2     -11.479928
  34    3     -10.797475
  34    4     -10.170783
  34    5      -9.582142
  34    6      -9.024882
  34    7      -8.495262
  34    8      -7.991418
  34    9      -7.512178
  34   10      -7.056589
  34   11      -6.623648
  34   12      -6.212204
  34   13      -5.820928
  34   14      -5.448334
  34   15      -5.092817
  34   16      -4.752690
  34   17      -4.426231
  34   18      -4.111708
  34   19      -3.807409
  34   20      -3.511656
  34   21      -3.222817
  34   22      -2.939309
  34   23      -2.659598
  34   24      -2.382195
  34   25      -2.105649
  34   26      -1.828493
  34   27      -1.549239
  34   28      -1.265853
  34   29      -0.976383
  34   30      -0.670775
  34   31      -0.353920
  34   32       0.155051
  34   33       0.427256
  34   34       0.965506
  34   35       0.437272
  34   36       0.023616
  34   37      -0.526530
  34   38      -0.966579
  34   39      -1.409323
  34   40      -1.868162
  34   41      -2.348515
  34   42      -2.852746
  34   43      -3.382499
  34   44      -3.939826
  34   45      -4.528369
  34   46      -5.155424
  34   47      -5.836763
  34   48      -6.612158
  34   49      -7.702538
    
  35    1     -12.615212
  35    2     -11.833254
  35    3     -11.153778
  35    4     -10.526006
  35    5      -9.937723
  35    6      -9.380402
  35    7      -8.850783
  35    8      -8.346933
  35    9      -7.867696
  35   10      -7.412106
  35   11      -6.979166
  35   12      -6.567721
  35   13      -6.176445
  35   14      -5.803852
  35   15      -5.448334
  35   16      -5.108208
  35   17      -4.781748
  35   18      -4.467225
  35   19      -4.162926
  35   20      -3.867174
  35   21      -3.578336
  35   22      -3.294830
  35   23      -3.015126
  35   24      -2.737742
  35   25      -2.461242
  35   26      -2.184221
  35   27      -1.905274
  35   28      -1.622947
  35   29      -1.335382
  35   30      -1.040344
  35   31      -0.729795
  35   32      -0.401439
  35   33       0.094396
  35   34       0.437272
  35   35       0.944469
  35   36       0.447142
  35   37      -0.058530
  35   38      -0.607054
  35   39      -1.068787
  35   40      -1.533623
  35   41      -2.015936
  35   42      -2.520828
  35   43      -3.050807
  35   44      -3.608209
  35   45      -4.196776
  35   46      -4.823840
  35   47      -5.505181
  35   48      -6.280576
  35   49      -7.370957
    
  36    1     -12.962425
  36    2     -12.209255
  36    3     -11.526069
  36    4     -10.898664
  36    5     -10.310273
  36    6      -9.753012
  36    7      -9.223376
  36    8      -8.719524
  36    9      -8.240289
  36   10      -7.784701
  36   11      -7.351759
  36   12      -6.940315
  36   13      -6.549039
  36   14      -6.176445
  36   15      -5.820928
  36   16      -5.480801
  36   17      -5.154342
  36   18      -4.839819
  36   19      -4.535520
  36   20      -4.239768
  36   21      -3.950930
  36   22      -3.667426
  36   23      -3.387724
  36   24      -3.110347
  36   25      -2.833864
  36   26      -2.556888
  36   27      -2.278067
  36   28      -1.996050
  36   29      -1.709439
  36   30      -1.416521
  36   31      -1.114945
  36   32      -0.798200
  36   33      -0.458516
  36   34       0.023616
  36   35       0.447142
  36   36       0.923079
  36   37       0.456585
  36   38      -0.153523
  36   39      -0.701903
  36   40      -1.185025
  36   41      -1.672900
  36   42      -2.179604
  36   43      -2.710189
  36   44      -3.267793
  36   45      -3.856426
  36   46      -4.483510
  36   47      -5.164857
  36   48      -5.940254
  36   49      -7.030635
    
  37    1     -13.404200
  37    2     -12.595950
  37    3     -11.916321
  37    4     -11.290481
  37    5     -10.701405
  37    6     -10.144345
  37    7      -9.614623
  37    8      -9.110813
  37    9      -8.631563
  37   10      -8.175976
  37   11      -7.743036
  37   12      -7.331591
  37   13      -6.940315
  37   14      -6.567721
  37   15      -6.212204
  37   16      -5.872077
  37   17      -5.545618
  37   18      -5.231095
  37   19      -4.926796
  37   20      -4.631044
  37   21      -4.342207
  37   22      -4.058702
  37   23      -3.779001
  37   24      -3.501627
  37   25      -3.225150
  37   26      -2.948191
  37   27      -2.669413
  37   28      -2.387515
  37   29      -2.101209
  37   30      -1.809167
  37   31      -1.509813
  37   32      -1.200837
  37   33      -0.876798
  37   34      -0.526530
  37   35      -0.058530
  37   36       0.456585
  37   37       0.901981
  37   38       0.465347
  37   39      -0.263152
  37   40      -0.813212
  37   41      -1.317401
  37   42      -1.829074
  37   43      -2.361269
  37   44      -2.919403
  37   45      -3.508208
  37   46      -4.135345
  37   47      -4.816708
  37   48      -5.592108
  37   49      -6.682490
    
  38    1     -13.736029
  38    2     -13.010472
  38    3     -12.328875
  38    4     -11.701712
  38    5     -11.113557
  38    6     -10.555473
  38    7     -10.026087
  38    8      -9.522270
  38    9      -9.043005
  38   10      -8.587422
  38   11      -8.154479
  38   12      -7.743036
  38   13      -7.351759
  38   14      -6.979166
  38   15      -6.623648
  38   16      -6.283522
  38   17      -5.957062
  38   18      -5.642539
  38   19      -5.338241
  38   20      -5.042489
  38   21      -4.753651
  38   22      -4.470147
  38   23      -4.190447
  38   24      -3.913073
  38   25      -3.636598
  38   26      -3.359646
  38   27      -3.080883
  38   28      -2.799026
  38   29      -2.512832
  38   30      -2.221087
  38   31      -1.922554
  38   32      -1.615805
  38   33      -1.298707
  38   34      -0.966579
  38   35      -0.607054
  38   36      -0.153523
  38   37       0.465347
  38   38       0.881857
  38   39       0.473222
  38   40      -0.389623
  38   41      -0.943581
  38   42      -1.468754
  38   43      -2.005121
  38   44      -2.564597
  38   45      -3.153832
  38   46      -3.781102
  38   47      -4.462503
  38   48      -5.237913
  38   49      -6.328296
    
  39    1     -14.300530
  39    2     -13.399841
  39    3     -12.768183
  39    4     -12.136275
  39    5     -11.544275
  39    6     -10.988939
  39    7     -10.459102
  39    8      -9.955150
  39    9      -9.475954
  39   10      -9.020367
  39   11      -8.587420
  39   12      -8.175977
  39   13      -7.784700
  39   14      -7.412107
  39   15      -7.056589
  39   16      -6.716463
  39   17      -6.390003
  39   18      -6.075480
  39   19      -5.771182
  39   20      -5.475430
  39   21      -5.186592
  39   22      -4.903088
  39   23      -4.623388
  39   24      -4.346014
  39   25      -4.069541
  39   26      -3.792590
  39   27      -3.513833
  39   28      -3.231991
  39   29      -2.945837
  39   30      -2.654197
  39   31      -2.355948
  39   32      -2.049979
  39   33      -1.735051
  39   34      -1.409323
  39   35      -1.068787
  39   36      -0.701903
  39   37      -0.263152
  39   38       0.473222
  39   39       0.863371
  39   40       0.480060
  39   41      -0.535743
  39   42      -1.096307
  39   43      -1.643006
  39   44      -2.205711
  39   45      -2.795967
  39   46      -3.423550
  39   47      -4.105040
  39   48      -4.880473
  39   49      -5.970860
    
  40    1     -14.752321
  40    2     -14.046229
  40    3     -13.210458
  40    4     -12.585856
  40    5     -12.000637
  40    6     -11.444588
  40    7     -10.914611
  40    8     -10.410838
  40    9      -9.931548
  40   10      -9.475940
  40   11      -9.043010
  40   12      -8.631564
  40   13      -8.240289
  40   14      -7.867696
  40   15      -7.512178
  40   16      -7.172052
  40   17      -6.845592
  40   18      -6.531069
  40   19      -6.226770
  40   20      -5.931018
  40   21      -5.642181
  40   22      -5.358677
  40   23      -5.078977
  40   24      -4.801603
  40   25      -4.525130
  40   26      -4.248180
  40   27      -3.969425
  40   28      -3.687589
  40   29      -3.401448
  40   30      -3.109846
  40   31      -2.811697
  40   32      -2.505999
  40   33      -2.191814
  40   34      -1.868162
  40   35      -1.533623
  40   36      -1.185025
  40   37      -0.813212
  40   38      -0.389623
  40   39       0.480060
  40   40       0.847091
  40   41       0.485781
  40   42      -0.705216
  40   43      -1.275787
  40   44      -1.845759
  40   45      -2.438275
  40   46      -3.066547
  40   47      -3.748233
  40   48      -4.523715
  40   49      -5.614112
    
  41    1     -14.812111
  41    2     -13.987488
  41    3     -13.804973
  41    4     -13.058018
  41    5     -12.494764
  41    6     -11.920076
  41    7     -11.393897
  41    8     -10.889874
  41    9     -10.410771
  41   10      -9.955195
  41   11      -9.522256
  41   12      -9.110806
  41   13      -8.719530
  41   14      -8.346933
  41   15      -7.991416
  41   16      -7.651290
  41   17      -7.324831
  41   18      -7.010307
  41   19      -6.706009
  41   20      -6.410257
  41   21      -6.121419
  41   22      -5.837915
  41   23      -5.558215
  41   24      -5.280842
  41   25      -5.004369
  41   26      -4.727419
  41   27      -4.448665
  41   28      -4.166830
  41   29      -3.880695
  41   30      -3.589105
  41   31      -3.290992
  41   32      -2.985389
  41   33      -2.671462
  41   34      -2.348515
  41   35      -2.015936
  41   36      -1.672900
  41   37      -1.317401
  41   38      -0.943581
  41   39      -0.535743
  41   40       0.485781
  41   41       0.833423
  41   42       0.490376
  41   43      -0.903144
  41   44      -1.488216
  41   45      -2.085378
  41   46      -2.715053
  41   47      -3.397139
  41   48      -4.172720
  41   49      -5.263136
    
  42    1     -14.582515
  42    2     -14.688753
  42    3     -14.194082
  42    4     -13.554948
  42    5     -12.947299
  42    6     -12.442613
  42    7     -11.895629
  42    8     -11.394224
  42    9     -10.914385
  42   10     -10.459202
  42   11     -10.026061
  42   12      -9.614652
  42   13      -9.223365
  42   14      -8.850781
  42   15      -8.495265
  42   16      -8.155135
  42   17      -7.828677
  42   18      -7.514154
  42   19      -7.209855
  42   20      -6.914103
  42   21      -6.625265
  42   22      -6.341761
  42   23      -6.062061
  42   24      -5.784687
  42   25      -5.508215
  42   26      -5.231265
  42   27      -4.952511
  42   28      -4.670677
  42   29      -4.384543
  42   30      -4.092959
  42   31      -3.794858
  42   32      -3.489288
  42   33      -3.175450
  42   34      -2.852746
  42   35      -2.520828
  42   36      -2.179604
  42   37      -1.829074
  42   38      -1.468754
  42   39      -1.096307
  42   40      -0.705216
  42   41       0.490376
  42   42       0.822551
  42   43       0.493902
  42   44      -1.136927
  42   45      -1.742899
  42   46      -2.375226
  42   47      -3.058061
  42   48      -3.833830
  42   49      -4.924281
    
  43    1     -14.512346
  43    2     -14.555961
  43    3     -14.504769
  43    4     -14.285412
  43    5     -13.570020
  43    6     -12.922954
  43    7     -12.433498
  43    8     -11.923989
  43    9     -11.443838
  43   10     -10.988651
  43   11     -10.555795
  43   12     -10.144234
  43   13      -9.753011
  43   14      -9.380390
  43   15      -9.024884
  43   16      -8.684759
  43   17      -8.358296
  43   18      -8.043775
  43   19      -7.739477
  43   20      -7.443724
  43   21      -7.154887
  43   22      -6.871382
  43   23      -6.591682
  43   24      -6.314309
  43   25      -6.037836
  43   26      -5.760886
  43   27      -5.482133
  43   28      -5.200299
  43   29      -4.914166
  43   30      -4.622583
  43   31      -4.324486
  43   32      -4.018928
  43   33      -3.705120
  43   34      -3.382499
  43   35      -3.050807
  43   36      -2.710189
  43   37      -2.361269
  43   38      -2.005121
  43   39      -1.643006
  43   40      -1.275787
  43   41      -0.903144
  43   42       0.493902
  43   43       0.814422
  43   44       0.496469
  43   45      -1.417987
  43   46      -2.054937
  43   47      -2.739079
  43   48      -3.515173
  43   49      -4.605686
    
  44    1     -17.053871
  44    2     -15.047661
  44    3     -14.766748
  44    4     -14.102247
  44    5     -14.634048
  44    6     -13.525835
  44    7     -12.989975
  44    8     -12.468292
  44    9     -12.006146
  44   10     -11.543952
  44   11     -11.113545
  44   12     -10.701558
  44   13     -10.310249
  44   14      -9.937720
  44   15      -9.582130
  44   16      -9.242047
  44   17      -8.915581
  44   18      -8.601061
  44   19      -8.296756
  44   20      -8.001006
  44   21      -7.712169
  44   22      -7.428664
  44   23      -7.148964
  44   24      -6.871591
  44   25      -6.595118
  44   26      -6.318168
  44   27      -6.039415
  44   28      -5.757581
  44   29      -5.471448
  44   30      -5.179866
  44   31      -4.881770
  44   32      -4.576216
  44   33      -4.262419
  44   34      -3.939826
  44   35      -3.608209
  44   36      -3.267793
  44   37      -2.919403
  44   38      -2.564597
  44   39      -2.205711
  44   40      -1.845759
  44   41      -1.488216
  44   42      -1.136927
  44   43       0.496469
  44   44       0.808771
  44   45       0.498229
  44   46      -1.765454
  44   47      -2.451690
  44   48      -3.228307
  44   49      -4.318918
    
  45    1     -15.670586
  45    2     -15.064865
  45    3     -14.676640
  45    4     -14.669871
  45    5     -14.406348
  45    6     -13.931605
  45    7     -13.637800
  45    8     -13.064541
  45    9     -12.588405
  45   10     -12.141228
  45   11     -11.699512
  45   12     -11.290143
  45   13     -10.898391
  45   14     -10.526447
  45   15     -10.170752
  45   16      -9.830540
  45   17      -9.504102
  45   18      -9.189570
  45   19      -8.885293
  45   20      -8.589534
  45   21      -8.300697
  45   22      -8.017192
  45   23      -7.737492
  45   24      -7.460119
  45   25      -7.183646
  45   26      -6.906696
  45   27      -6.627943
  45   28      -6.346109
  45   29      -6.059976
  45   30      -5.768394
  45   31      -5.470299
  45   32      -5.164746
  45   33      -4.850952
  45   34      -4.528369
  45   35      -4.196776
  45   36      -3.856426
  45   37      -3.508208
  45   38      -3.153832
  45   39      -2.795967
  45   40      -2.438275
  45   41      -2.085378
  45   42      -1.742899
  45   43      -1.417987
  45   44       0.498229
  45   45       0.805173
  45   46       0.499353
  45   47      -2.215540
  45   48      -2.992915
  45   49      -4.083669
    
  46    1     -15.205957
  46    2     -15.366945
  46    3     -15.008864
  46    4     -14.660628
  46    5     -15.436839
  46    6     -14.559956
  46    7     -14.028685
  46    8     -13.678110
  46    9     -13.238936
  46   10     -12.747018
  46   11     -12.330770
  46   12     -11.916517
  46   13     -11.527038
  46   14     -11.152579
  46   15     -10.797862
  46   16     -10.457590
  46   17     -10.131153
  46   18      -9.816677
  46   19      -9.512326
  46   20      -9.216582
  46   21      -8.927746
  46   22      -8.644245
  46   23      -8.364543
  46   24      -8.087169
  46   25      -7.810697
  46   26      -7.533747
  46   27      -7.254993
  46   28      -6.973159
  46   29      -6.687027
  46   30      -6.395445
  46   31      -6.097350
  46   32      -5.791797
  46   33      -5.478005
  46   34      -5.155424
  46   35      -4.823840
  46   36      -4.483510
  46   37      -4.135345
  46   38      -3.781102
  46   39      -3.423550
  46   40      -3.066547
  46   41      -2.715053
  46   42      -2.375225
  46   43      -2.054937
  46   44      -1.765454
  46   45       0.499353
  46   46       0.803122
  46   47       0.500011
  46   48      -2.852960
  46   49      -3.943898
    
  47    1     -15.783650
  47    2     -15.657431
  47    3     -14.953164
  47    4     -14.775322
  47    5     -15.225079
  47    6     -14.604373
  47    7     -15.265862
  47    8     -14.394438
  47    9     -13.757021
  47   10     -13.540831
  47   11     -13.019998
  47   12     -12.590260
  47   13     -12.206132
  47   14     -11.835117
  47   15     -11.478985
  47   16     -11.138968
  47   17     -10.812461
  47   18     -10.497956
  47   19     -10.193677
  47   20      -9.897944
  47   21      -9.609075
  47   22      -9.325581
  47   23      -9.045884
  47   24      -8.768505
  47   25      -8.492034
  47   26      -8.215085
  47   27      -7.936332
  47   28      -7.654498
  47   29      -7.368364
  47   30      -7.076782
  47   31      -6.778688
  47   32      -6.473135
  47   33      -6.159343
  47   34      -5.836763
  47   35      -5.505181
  47   36      -5.164857
  47   37      -4.816708
  47   38      -4.462503
  47   39      -4.105040
  47   40      -3.748233
  47   41      -3.397138
  47   42      -3.058061
  47   43      -2.739079
  47   44      -2.451690
  47   45      -2.215540
  47   46       0.500011
  47   47       0.802114
  47   48       0.500357
  47   49      -4.067437
    
  48    1     -15.762601
  48    2     -15.429947
  48    3     -14.991374
  48    4     -14.847370
  48    5     -14.789678
  48    6     -16.032168
  48    7     -15.052192
  48    8     -14.718159
  48    9     -15.174290
  48   10     -14.170342
  48   11     -13.661067
  48   12     -13.428568
  48   13     -12.974373
  48   14     -12.612256
  48   15     -12.257033
  48   16     -11.918026
  48   17     -11.589522
  48   18     -11.274901
  48   19     -10.971202
  48   20     -10.675084
  48   21     -10.386377
  48   22     -10.102860
  48   23      -9.823160
  48   24      -9.545800
  48   25      -9.269317
  48   26      -8.992368
  48   27      -8.713614
  48   28      -8.431781
  48   29      -8.145648
  48   30      -7.854066
  48   31      -7.555972
  48   32      -7.250419
  48   33      -6.936627
  48   34      -6.614047
  48   35      -6.282466
  48   36      -5.942143
  48   37      -5.593998
  48   38      -5.239803
  48   39      -4.882362
  48   40      -4.525604
  48   41      -4.174609
  48   42      -3.835719
  48   43      -3.517062
  48   44      -3.230195
  48   45      -2.994803
  48   46      -2.854847
  48   47       0.500356
  48   48       0.801710
  48   49       0.500515
    
  49    1     -15.366470
  49    2     -15.872764
  49    3     -15.086031
  49    4     -14.932044
  49    5     -16.202328
  49    6     -14.901432
  49    7     -14.789273
  49    8     -14.800824
  49    9     -14.980320
  49   10     -14.630577
  49   11     -14.675763
  49   12     -14.187408
  49   13     -14.201450
  49   14     -13.686549
  49   15     -13.320946
  49   16     -12.970586
  49   17     -12.651432
  49   18     -12.345115
  49   19     -12.034900
  49   20     -11.742226
  49   21     -11.452259
  49   22     -11.168709
  49   23     -10.888971
  49   24     -10.611672
  49   25     -10.335201
  49   26     -10.058266
  49   27      -9.779494
  49   28      -9.497659
  49   29      -9.211531
  49   30      -8.919948
  49   31      -8.621851
  49   32      -8.316300
  49   33      -8.002508
  49   34      -7.679928
  49   35      -7.348347
  49   36      -7.008025
  49   37      -6.659880
  49   38      -6.305686
  49   39      -5.948250
  49   40      -5.591502
  49   41      -5.240526
  49   42      -4.901671
  49   43      -4.583075
  49   44      -4.296307
  49   45      -4.061058
  49   46      -3.921286
  49   47      -4.044824
  49   48       0.625460
  49   49       1.102614
    
