   1    1      -0.354954
   1    2      -0.376507
   1    3      -0.398925
   1    4      -0.421934
   1    5      -0.445045
   1    6      -0.467581
   1    7      -0.488803
   1    8      -0.508085
   1    9      -0.525061
   1   10      -0.539664
   1   11      -0.552064
   1   12      -0.562559
   1   13      -0.571476
   1   14      -0.579117
   1   15      -0.585740
   1   16      -0.591553
   1   17      -0.596727
   1   18      -0.601397
   1   19      -0.605674
   1   20      -0.609648
   1   21      -0.613396
   1   22      -0.616981
   1   23      -0.620463
   1   24      -0.623895
   1   25      -0.627328
   1   26      -0.630814
   1   27      -0.634409
   1   28      -0.638173
   1   29      -0.642176
   1   30      -0.646500
   1   31      -0.651248
   1   32      -0.656547
   1   33      -0.662562
   1   34      -0.669509
   1   35      -0.677678
   1   36      -0.687460
   1   37      -0.699389
   1   38      -0.714196
   1   39      -0.732863
   1   40      -0.756676
   1   41      -0.787235
   1   42      -0.826448
   1   43      -0.876549
   1   44      -0.940308
   1   45      -1.021688
   1   46      -1.127522
   1   47      -1.272071
   1   48      -1.493351
   1   49      -2.095309
    
   2    1      -0.376501
   2    2      -0.154744
   2    3      -0.177372
   2    4      -0.200515
   2    5      -0.223698
   2    6      -0.246269
   2    7      -0.267505
   2    8      -0.286793
   2    9      -0.303770
   2   10      -0.318373
   2   11      -0.330774
   2   12      -0.341269
   2   13      -0.350186
   2   14      -0.357827
   2   15      -0.364449
   2   16      -0.370263
   2   17      -0.375437
   2   18      -0.380107
   2   19      -0.384384
   2   20      -0.388358
   2   21      -0.392105
   2   22      -0.395691
   2   23      -0.399172
   2   24      -0.402604
   2   25      -0.406037
   2   26      -0.409524
   2   27      -0.413119
   2   28      -0.416883
   2   29      -0.420886
   2   30      -0.425210
   2   31      -0.429957
   2   32      -0.435256
   2   33      -0.441271
   2   34      -0.448219
   2   35      -0.456388
   2   36      -0.466170
   2   37      -0.478099
   2   38      -0.492905
   2   39      -0.511573
   2   40      -0.535385
   2   41      -0.565945
   2   42      -0.605158
   2   43      -0.655258
   2   44      -0.719018
   2   45      -0.800397
   2   46      -0.906232
   2   47      -1.050780
   2   48      -1.272060
   2   49      -1.874018
    
   3    1      -0.398914
   3    2      -0.177369
   3    3      -0.031597
   3    4      -0.055363
   3    5      -0.078883
   3    6      -0.101614
   3    7      -0.122918
   3    8      -0.142230
   3    9      -0.159215
   3   10      -0.173821
   3   11      -0.186222
   3   12      -0.196717
   3   13      -0.205634
   3   14      -0.213275
   3   15      -0.219897
   3   16      -0.225711
   3   17      -0.230884
   3   18      -0.235555
   3   19      -0.239832
   3   20      -0.243806
   3   21      -0.247553
   3   22      -0.251138
   3   23      -0.254620
   3   24      -0.258052
   3   25      -0.261485
   3   26      -0.264972
   3   27      -0.268567
   3   28      -0.272331
   3   29      -0.276333
   3   30      -0.280658
   3   31      -0.285405
   3   32      -0.290704
   3   33      -0.296719
   3   34      -0.303666
   3   35      -0.311835
   3   36      -0.321617
   3   37      -0.333547
   3   38      -0.348353
   3   39      -0.367020
   3   40      -0.390833
   3   41      -0.421393
   3   42      -0.460605
   3   43      -0.510706
   3   44      -0.574466
   3   45      -0.655845
   3   46      -0.761680
   3   47      -0.906228
   3   48      -1.127508
   3   49      -1.729466
    
   4    1      -0.421920
   4    2      -0.200510
   4    3      -0.055361
   4    4       0.052904
   4    5       0.028016
   4    6       0.004636
   4    7      -0.016939
   4    8      -0.036351
   4    9      -0.053368
   4   10      -0.067982
   4   11      -0.080385
   4   12      -0.090881
   4   13      -0.099798
   4   14      -0.107439
   4   15      -0.114061
   4   16      -0.119875
   4   17      -0.125048
   4   18      -0.129719
   4   19      -0.133996
   4   20      -0.137970
   4   21      -0.141717
   4   22      -0.145302
   4   23      -0.148784
   4   24      -0.152216
   4   25      -0.155649
   4   26      -0.159136
   4   27      -0.162731
   4   28      -0.166495
   4   29      -0.170497
   4   30      -0.174822
   4   31      -0.179569
   4   32      -0.184868
   4   33      -0.190883
   4   34      -0.197830
   4   35      -0.205999
   4   36      -0.215781
   4   37      -0.227711
   4   38      -0.242517
   4   39      -0.261184
   4   40      -0.284997
   4   41      -0.315556
   4   42      -0.354769
   4   43      -0.404870
   4   44      -0.468630
   4   45      -0.550009
   4   46      -0.655844
   4   47      -0.800392
   4   48      -1.021672
   4   49      -1.623630
    
   5    1      -0.445029
   5    2      -0.223693
   5    3      -0.078881
   5    4       0.028017
   5    5       0.113483
   5    6       0.087603
   5    7       0.064984
   5    8       0.045191
   5    9       0.028055
   5   10       0.013408
   5   11       0.000997
   5   12      -0.009500
   5   13      -0.018417
   5   14      -0.026058
   5   15      -0.032681
   5   16      -0.038494
   5   17      -0.043668
   5   18      -0.048338
   5   19      -0.052615
   5   20      -0.056589
   5   21      -0.060337
   5   22      -0.063922
   5   23      -0.067404
   5   24      -0.070836
   5   25      -0.074269
   5   26      -0.077755
   5   27      -0.081351
   5   28      -0.085115
   5   29      -0.089117
   5   30      -0.093441
   5   31      -0.098189
   5   32      -0.103488
   5   33      -0.109503
   5   34      -0.116450
   5   35      -0.124619
   5   36      -0.134401
   5   37      -0.146331
   5   38      -0.161137
   5   39      -0.179804
   5   40      -0.203617
   5   41      -0.234176
   5   42      -0.273389
   5   43      -0.323490
   5   44      -0.387249
   5   45      -0.468629
   5   46      -0.574464
   5   47      -0.719012
   5   48      -0.940292
   5   49      -1.542250
    
   6    1      -0.467565
   6    2      -0.246263
   6    3      -0.101612
   6    4       0.004637
   6    5       0.087603
   6    6       0.157430
   6    7       0.130802
   6    8       0.109561
   6    9       0.091973
   6   10       0.077204
   6   11       0.064765
   6   12       0.054261
   6   13       0.045343
   6   14       0.037701
   6   15       0.031079
   6   16       0.025265
   6   17       0.020091
   6   18       0.015421
   6   19       0.011144
   6   20       0.007170
   6   21       0.003423
   6   22      -0.000163
   6   23      -0.003644
   6   24      -0.007076
   6   25      -0.010509
   6   26      -0.013996
   6   27      -0.017591
   6   28      -0.021355
   6   29      -0.025358
   6   30      -0.029682
   6   31      -0.034429
   6   32      -0.039728
   6   33      -0.045743
   6   34      -0.052691
   6   35      -0.060860
   6   36      -0.070642
   6   37      -0.082571
   6   38      -0.097377
   6   39      -0.116045
   6   40      -0.139857
   6   41      -0.170417
   6   42      -0.209630
   6   43      -0.259731
   6   44      -0.323490
   6   45      -0.404869
   6   46      -0.510704
   6   47      -0.655252
   6   48      -0.876532
   6   49      -1.478490
    
   7    1      -0.488786
   7    2      -0.267499
   7    3      -0.122915
   7    4      -0.016939
   7    5       0.064984
   7    6       0.130802
   7    7       0.189067
   7    8       0.162030
   7    9       0.142676
   7   10       0.127443
   7   11       0.114896
   7   12       0.104369
   7   13       0.095445
   7   14       0.087803
   7   15       0.081180
   7   16       0.075366
   7   17       0.070192
   7   18       0.065522
   7   19       0.061245
   7   20       0.057271
   7   21       0.053524
   7   22       0.049938
   7   23       0.046457
   7   24       0.043025
   7   25       0.039592
   7   26       0.036105
   7   27       0.032510
   7   28       0.028746
   7   29       0.024743
   7   30       0.020419
   7   31       0.015672
   7   32       0.010373
   7   33       0.004358
   7   34      -0.002590
   7   35      -0.010759
   7   36      -0.020541
   7   37      -0.032470
   7   38      -0.047276
   7   39      -0.065944
   7   40      -0.089756
   7   41      -0.120316
   7   42      -0.159529
   7   43      -0.209629
   7   44      -0.273389
   7   45      -0.354768
   7   46      -0.460603
   7   47      -0.605151
   7   48      -0.826431
   7   49      -1.428389
    
   8    1      -0.508069
   8    2      -0.286786
   8    3      -0.142228
   8    4      -0.036350
   8    5       0.045192
   8    6       0.109562
   8    7       0.162030
   8    8       0.211391
   8    9       0.184334
   8   10       0.167191
   8   11       0.154221
   8   12       0.143606
   8   13       0.134663
   8   14       0.127017
   8   15       0.120393
   8   16       0.114579
   8   17       0.109405
   8   18       0.104735
   8   19       0.100458
   8   20       0.096484
   8   21       0.092737
   8   22       0.089151
   8   23       0.085669
   8   24       0.082238
   8   25       0.078804
   8   26       0.075318
   8   27       0.071723
   8   28       0.067959
   8   29       0.063956
   8   30       0.059632
   8   31       0.054884
   8   32       0.049586
   8   33       0.043571
   8   34       0.036623
   8   35       0.028454
   8   36       0.018672
   8   37       0.006743
   8   38      -0.008064
   8   39      -0.026731
   8   40      -0.050543
   8   41      -0.081103
   8   42      -0.120316
   8   43      -0.170417
   8   44      -0.234176
   8   45      -0.315556
   8   46      -0.421390
   8   47      -0.565939
   8   48      -0.787219
   8   49      -1.389176
    
   9    1      -0.525045
   9    2      -0.303764
   9    3      -0.159213
   9    4      -0.053367
   9    5       0.028055
   9    6       0.091973
   9    7       0.142676
   9    8       0.184334
   9    9       0.226737
   9   10       0.200039
   9   11       0.185225
   9   12       0.174258
   9   13       0.165244
   9   14       0.157581
   9   15       0.150954
   9   16       0.145139
   9   17       0.139965
   9   18       0.135294
   9   19       0.131017
   9   20       0.127043
   9   21       0.123296
   9   22       0.119711
   9   23       0.116229
   9   24       0.112797
   9   25       0.109364
   9   26       0.105877
   9   27       0.102282
   9   28       0.098518
   9   29       0.094516
   9   30       0.090191
   9   31       0.085444
   9   32       0.080145
   9   33       0.074130
   9   34       0.067183
   9   35       0.059014
   9   36       0.049232
   9   37       0.037302
   9   38       0.022496
   9   39       0.003829
   9   40      -0.019984
   9   41      -0.050543
   9   42      -0.089756
   9   43      -0.139857
   9   44      -0.203617
   9   45      -0.284996
   9   46      -0.390831
   9   47      -0.535379
   9   48      -0.756659
   9   49      -1.358617
    
  10    1      -0.539647
  10    2      -0.318367
  10    3      -0.173818
  10    4      -0.067981
  10    5       0.013408
  10    6       0.077204
  10    7       0.127443
  10    8       0.167191
  10    9       0.200039
  10   10       0.237016
  10   11       0.210983
  10   12       0.198438
  10   13       0.189137
  10   14       0.181412
  10   15       0.174771
  10   16       0.168953
  10   17       0.163778
  10   18       0.159107
  10   19       0.154830
  10   20       0.150856
  10   21       0.147109
  10   22       0.143523
  10   23       0.140041
  10   24       0.136610
  10   25       0.133177
  10   26       0.129690
  10   27       0.126095
  10   28       0.122331
  10   29       0.118328
  10   30       0.114004
  10   31       0.109256
  10   32       0.103958
  10   33       0.097943
  10   34       0.090995
  10   35       0.082826
  10   36       0.073044
  10   37       0.061115
  10   38       0.046308
  10   39       0.027641
  10   40       0.003829
  10   41      -0.026731
  10   42      -0.065944
  10   43      -0.116045
  10   44      -0.179804
  10   45      -0.261184
  10   46      -0.367018
  10   47      -0.511566
  10   48      -0.732846
  10   49      -1.334804
    
  11    1      -0.552048
  11    2      -0.330768
  11    3      -0.186219
  11    4      -0.080384
  11    5       0.000998
  11    6       0.064765
  11    7       0.114896
  11    8       0.154221
  11    9       0.185225
  11   10       0.210983
  11   11       0.243757
  11   12       0.218594
  11   13       0.208131
  11   14       0.200152
  11   15       0.193456
  11   16       0.187625
  11   17       0.182446
  11   18       0.177775
  11   19       0.173497
  11   20       0.169523
  11   21       0.165776
  11   22       0.162191
  11   23       0.158709
  11   24       0.155277
  11   25       0.151844
  11   26       0.148357
  11   27       0.144762
  11   28       0.140998
  11   29       0.136995
  11   30       0.132671
  11   31       0.127924
  11   32       0.122625
  11   33       0.116610
  11   34       0.109663
  11   35       0.101493
  11   36       0.091711
  11   37       0.079782
  11   38       0.064976
  11   39       0.046308
  11   40       0.022496
  11   41      -0.008064
  11   42      -0.047276
  11   43      -0.097377
  11   44      -0.161137
  11   45      -0.242516
  11   46      -0.348351
  11   47      -0.492899
  11   48      -0.714179
  11   49      -1.316137
    
  12    1      -0.562543
  12    2      -0.341263
  12    3      -0.196714
  12    4      -0.090880
  12    5      -0.009500
  12    6       0.054262
  12    7       0.104369
  12    8       0.143606
  12    9       0.174258
  12   10       0.198438
  12   11       0.218594
  12   12       0.248120
  12   13       0.223923
  12   14       0.215289
  12   15       0.208327
  12   16       0.202449
  12   17       0.197257
  12   18       0.192582
  12   19       0.188304
  12   20       0.184330
  12   21       0.180583
  12   22       0.176997
  12   23       0.173515
  12   24       0.170083
  12   25       0.166650
  12   26       0.163164
  12   27       0.159569
  12   28       0.155805
  12   29       0.151802
  12   30       0.147478
  12   31       0.142730
  12   32       0.137431
  12   33       0.131416
  12   34       0.124469
  12   35       0.116300
  12   36       0.106518
  12   37       0.094589
  12   38       0.079782
  12   39       0.061115
  12   40       0.037302
  12   41       0.006743
  12   42      -0.032470
  12   43      -0.082571
  12   44      -0.146330
  12   45      -0.227710
  12   46      -0.333544
  12   47      -0.478093
  12   48      -0.699373
  12   49      -1.301331
    
  13    1      -0.571460
  13    2      -0.350180
  13    3      -0.205631
  13    4      -0.099797
  13    5      -0.018417
  13    6       0.045343
  13    7       0.095445
  13    8       0.134663
  13    9       0.165244
  13   10       0.189137
  13   11       0.208131
  13   12       0.223923
  13   13       0.250924
  13   14       0.227705
  13   15       0.220628
  13   16       0.214430
  13   17       0.209207
  13   18       0.204516
  13   19       0.200235
  13   20       0.196259
  13   21       0.192512
  13   22       0.188926
  13   23       0.185444
  13   24       0.182013
  13   25       0.178580
  13   26       0.175093
  13   27       0.171498
  13   28       0.167734
  13   29       0.163731
  13   30       0.159407
  13   31       0.154659
  13   32       0.149361
  13   33       0.143346
  13   34       0.136398
  13   35       0.128229
  13   36       0.118447
  13   37       0.106518
  13   38       0.091711
  13   39       0.073044
  13   40       0.049232
  13   41       0.018672
  13   42      -0.020541
  13   43      -0.070642
  13   44      -0.134401
  13   45      -0.215781
  13   46      -0.321615
  13   47      -0.466163
  13   48      -0.687444
  13   49      -1.289401
    
  14    1      -0.579101
  14    2      -0.357821
  14    3      -0.213272
  14    4      -0.107438
  14    5      -0.026058
  14    6       0.037701
  14    7       0.087803
  14    8       0.127017
  14    9       0.157581
  14   10       0.181412
  14   11       0.200152
  14   12       0.215289
  14   13       0.227705
  14   14       0.252721
  14   15       0.230435
  14   16       0.224655
  14   17       0.219021
  14   18       0.214323
  14   19       0.210020
  14   20       0.206043
  14   21       0.202294
  14   22       0.198709
  14   23       0.195227
  14   24       0.191795
  14   25       0.188362
  14   26       0.184875
  14   27       0.181280
  14   28       0.177516
  14   29       0.173513
  14   30       0.169189
  14   31       0.164441
  14   32       0.159143
  14   33       0.153128
  14   34       0.146180
  14   35       0.138011
  14   36       0.128229
  14   37       0.116300
  14   38       0.101493
  14   39       0.082826
  14   40       0.059014
  14   41       0.028454
  14   42      -0.010759
  14   43      -0.060860
  14   44      -0.124619
  14   45      -0.205999
  14   46      -0.311833
  14   47      -0.456381
  14   48      -0.677661
  14   49      -1.279619
    
  15    1      -0.585723
  15    2      -0.364443
  15    3      -0.219895
  15    4      -0.114060
  15    5      -0.032681
  15    6       0.031079
  15    7       0.081180
  15    8       0.120393
  15    9       0.150954
  15   10       0.174771
  15   11       0.193456
  15   12       0.208327
  15   13       0.220628
  15   14       0.230435
  15   15       0.253870
  15   16       0.232440
  15   17       0.227721
  15   18       0.222500
  15   19       0.218222
  15   20       0.214214
  15   21       0.210466
  15   22       0.206878
  15   23       0.203396
  15   24       0.199964
  15   25       0.196531
  15   26       0.193044
  15   27       0.189449
  15   28       0.185685
  15   29       0.181682
  15   30       0.177358
  15   31       0.172611
  15   32       0.167312
  15   33       0.161297
  15   34       0.154349
  15   35       0.146180
  15   36       0.136398
  15   37       0.124469
  15   38       0.109663
  15   39       0.090995
  15   40       0.067183
  15   41       0.036623
  15   42      -0.002590
  15   43      -0.052691
  15   44      -0.116450
  15   45      -0.197829
  15   46      -0.303664
  15   47      -0.448212
  15   48      -0.669492
  15   49      -1.271450
    
  16    1      -0.591537
  16    2      -0.370257
  16    3      -0.225708
  16    4      -0.119874
  16    5      -0.038494
  16    6       0.025265
  16    7       0.075366
  16    8       0.114579
  16    9       0.145139
  16   10       0.168953
  16   11       0.187625
  16   12       0.202449
  16   13       0.214430
  16   14       0.224655
  16   15       0.232440
  16   16       0.254601
  16   17       0.233933
  16   18       0.230074
  16   19       0.225148
  16   20       0.221204
  16   21       0.217413
  16   22       0.213829
  16   23       0.210343
  16   24       0.206912
  16   25       0.203478
  16   26       0.199992
  16   27       0.196396
  16   28       0.192632
  16   29       0.188630
  16   30       0.184305
  16   31       0.179558
  16   32       0.174259
  16   33       0.168244
  16   34       0.161297
  16   35       0.153128
  16   36       0.143346
  16   37       0.131416
  16   38       0.116610
  16   39       0.097943
  16   40       0.074130
  16   41       0.043571
  16   42       0.004358
  16   43      -0.045743
  16   44      -0.109502
  16   45      -0.190882
  16   46      -0.296717
  16   47      -0.441265
  16   48      -0.662545
  16   49      -1.264503
    
  17    1      -0.596711
  17    2      -0.375431
  17    3      -0.230882
  17    4      -0.125048
  17    5      -0.043668
  17    6       0.020091
  17    7       0.070192
  17    8       0.109405
  17    9       0.139965
  17   10       0.163778
  17   11       0.182446
  17   12       0.197257
  17   13       0.209207
  17   14       0.219021
  17   15       0.227721
  17   16       0.233933
  17   17       0.255062
  17   18       0.235058
  17   19       0.231884
  17   20       0.227166
  17   21       0.223480
  17   22       0.219840
  17   23       0.216363
  17   24       0.212926
  17   25       0.209493
  17   26       0.206006
  17   27       0.202411
  17   28       0.198647
  17   29       0.194645
  17   30       0.190320
  17   31       0.185573
  17   32       0.180274
  17   33       0.174259
  17   34       0.167312
  17   35       0.159143
  17   36       0.149361
  17   37       0.137431
  17   38       0.122625
  17   39       0.103958
  17   40       0.080145
  17   41       0.049586
  17   42       0.010373
  17   43      -0.039728
  17   44      -0.103487
  17   45      -0.184867
  17   46      -0.290702
  17   47      -0.435250
  17   48      -0.656530
  17   49      -1.258488
    
  18    1      -0.601381
  18    2      -0.380101
  18    3      -0.235552
  18    4      -0.129718
  18    5      -0.048338
  18    6       0.015421
  18    7       0.065522
  18    8       0.104735
  18    9       0.135294
  18   10       0.159107
  18   11       0.177775
  18   12       0.192582
  18   13       0.204516
  18   14       0.214323
  18   15       0.222500
  18   16       0.230074
  18   17       0.235058
  18   18       0.255349
  18   19       0.235911
  18   20       0.233274
  18   21       0.228697
  18   22       0.225202
  18   23       0.221655
  18   24       0.218231
  18   25       0.214792
  18   26       0.211306
  18   27       0.207710
  18   28       0.203946
  18   29       0.199943
  18   30       0.195619
  18   31       0.190872
  18   32       0.185573
  18   33       0.179558
  18   34       0.172611
  18   35       0.164441
  18   36       0.154659
  18   37       0.142730
  18   38       0.127924
  18   39       0.109256
  18   40       0.085444
  18   41       0.054884
  18   42       0.015672
  18   43      -0.034429
  18   44      -0.098189
  18   45      -0.179568
  18   46      -0.285403
  18   47      -0.429951
  18   48      -0.651231
  18   49      -1.253189
    
  19    1      -0.605658
  19    2      -0.384378
  19    3      -0.239829
  19    4      -0.133995
  19    5      -0.052615
  19    6       0.011144
  19    7       0.061245
  19    8       0.100458
  19    9       0.131017
  19   10       0.154830
  19   11       0.173497
  19   12       0.188304
  19   13       0.200235
  19   14       0.210020
  19   15       0.218222
  19   16       0.225148
  19   17       0.231884
  19   18       0.235911
  19   19       0.255524
  19   20       0.236557
  19   21       0.234331
  19   22       0.229840
  19   23       0.226476
  19   24       0.222969
  19   25       0.219546
  19   26       0.216052
  19   27       0.212458
  19   28       0.208694
  19   29       0.204691
  19   30       0.200367
  19   31       0.195619
  19   32       0.190320
  19   33       0.184305
  19   34       0.177358
  19   35       0.169189
  19   36       0.159407
  19   37       0.147478
  19   38       0.132671
  19   39       0.114004
  19   40       0.090191
  19   41       0.059632
  19   42       0.020419
  19   43      -0.029682
  19   44      -0.093441
  19   45      -0.174821
  19   46      -0.280655
  19   47      -0.425204
  19   48      -0.646484
  19   49      -1.248442
    
  20    1      -0.609632
  20    2      -0.388352
  20    3      -0.243803
  20    4      -0.137969
  20    5      -0.056589
  20    6       0.007170
  20    7       0.057271
  20    8       0.096484
  20    9       0.127043
  20   10       0.150856
  20   11       0.169523
  20   12       0.184330
  20   13       0.196259
  20   14       0.206043
  20   15       0.214214
  20   16       0.221204
  20   17       0.227166
  20   18       0.233274
  20   19       0.236557
  20   20       0.255628
  20   21       0.237039
  20   22       0.235115
  20   23       0.230667
  20   24       0.227375
  20   25       0.223859
  20   26       0.220384
  20   27       0.216781
  20   28       0.213018
  20   29       0.209015
  20   30       0.204691
  20   31       0.199943
  20   32       0.194645
  20   33       0.188630
  20   34       0.181682
  20   35       0.173513
  20   36       0.163731
  20   37       0.151802
  20   38       0.136995
  20   39       0.118328
  20   40       0.094516
  20   41       0.063956
  20   42       0.024743
  20   43      -0.025358
  20   44      -0.089117
  20   45      -0.170497
  20   46      -0.276331
  20   47      -0.420879
  20   48      -0.642160
  20   49      -1.244117
    
  21    1      -0.613379
  21    2      -0.392099
  21    3      -0.247550
  21    4      -0.141716
  21    5      -0.060336
  21    6       0.003423
  21    7       0.053524
  21    8       0.092737
  21    9       0.123296
  21   10       0.147109
  21   11       0.165776
  21   12       0.180583
  21   13       0.192512
  21   14       0.202294
  21   15       0.210466
  21   16       0.217413
  21   17       0.223480
  21   18       0.228697
  21   19       0.234331
  21   20       0.237039
  21   21       0.255686
  21   22       0.237388
  21   23       0.235671
  21   24       0.231227
  21   25       0.227949
  21   26       0.224374
  21   27       0.220792
  21   28       0.217020
  21   29       0.213018
  21   30       0.208694
  21   31       0.203946
  21   32       0.198647
  21   33       0.192632
  21   34       0.185685
  21   35       0.177516
  21   36       0.167734
  21   37       0.155805
  21   38       0.140998
  21   39       0.122331
  21   40       0.098518
  21   41       0.067959
  21   42       0.028746
  21   43      -0.021355
  21   44      -0.085114
  21   45      -0.166494
  21   46      -0.272328
  21   47      -0.416877
  21   48      -0.638157
  21   49      -1.240115
    
  22    1      -0.616964
  22    2      -0.395684
  22    3      -0.251136
  22    4      -0.145301
  22    5      -0.063922
  22    6      -0.000162
  22    7       0.049938
  22    8       0.089151
  22    9       0.119711
  22   10       0.143523
  22   11       0.162191
  22   12       0.176997
  22   13       0.188926
  22   14       0.198709
  22   15       0.206878
  22   16       0.213829
  22   17       0.219840
  22   18       0.225202
  22   19       0.229840
  22   20       0.235115
  22   21       0.237388
  22   22       0.255718
  22   23       0.237625
  22   24       0.236026
  22   25       0.231551
  22   26       0.228229
  22   27       0.224542
  22   28       0.220792
  22   29       0.216781
  22   30       0.212458
  22   31       0.207710
  22   32       0.202411
  22   33       0.196396
  22   34       0.189449
  22   35       0.181280
  22   36       0.171498
  22   37       0.159569
  22   38       0.144762
  22   39       0.126095
  22   40       0.102282
  22   41       0.071723
  22   42       0.032510
  22   43      -0.017591
  22   44      -0.081350
  22   45      -0.162730
  22   46      -0.268564
  22   47      -0.413113
  22   48      -0.634393
  22   49      -1.236351
    
  23    1      -0.620446
  23    2      -0.399166
  23    3      -0.254618
  23    4      -0.148783
  23    5      -0.067404
  23    6      -0.003644
  23    7       0.046457
  23    8       0.085669
  23    9       0.116229
  23   10       0.140041
  23   11       0.158709
  23   12       0.173515
  23   13       0.185444
  23   14       0.195227
  23   15       0.203396
  23   16       0.210343
  23   17       0.216363
  23   18       0.221655
  23   19       0.226476
  23   20       0.230667
  23   21       0.235671
  23   22       0.237625
  23   23       0.255734
  23   24       0.237762
  23   25       0.236199
  23   26       0.231657
  23   27       0.228229
  23   28       0.224374
  23   29       0.220384
  23   30       0.216052
  23   31       0.211306
  23   32       0.206006
  23   33       0.199992
  23   34       0.193044
  23   35       0.184875
  23   36       0.175093
  23   37       0.163164
  23   38       0.148357
  23   39       0.129690
  23   40       0.105877
  23   41       0.075318
  23   42       0.036105
  23   43      -0.013996
  23   44      -0.077755
  23   45      -0.159135
  23   46      -0.264969
  23   47      -0.409518
  23   48      -0.630798
  23   49      -1.232756
    
  24    1      -0.623878
  24    2      -0.402598
  24    3      -0.258050
  24    4      -0.152215
  24    5      -0.070835
  24    6      -0.007076
  24    7       0.043025
  24    8       0.082238
  24    9       0.112797
  24   10       0.136610
  24   11       0.155277
  24   12       0.170083
  24   13       0.182013
  24   14       0.191795
  24   15       0.199964
  24   16       0.206912
  24   17       0.212926
  24   18       0.218231
  24   19       0.222969
  24   20       0.227375
  24   21       0.231227
  24   22       0.236026
  24   23       0.237762
  24   24       0.255740
  24   25       0.237807
  24   26       0.236199
  24   27       0.231551
  24   28       0.227949
  24   29       0.223859
  24   30       0.219546
  24   31       0.214792
  24   32       0.209493
  24   33       0.203478
  24   34       0.196531
  24   35       0.188362
  24   36       0.178580
  24   37       0.166650
  24   38       0.151844
  24   39       0.133177
  24   40       0.109364
  24   41       0.078804
  24   42       0.039592
  24   43      -0.010509
  24   44      -0.074269
  24   45      -0.155648
  24   46      -0.261483
  24   47      -0.406031
  24   48      -0.627311
  24   49      -1.229269
    
  25    1      -0.627311
  25    2      -0.406031
  25    3      -0.261483
  25    4      -0.155648
  25    5      -0.074269
  25    6      -0.010509
  25    7       0.039592
  25    8       0.078804
  25    9       0.109364
  25   10       0.133177
  25   11       0.151844
  25   12       0.166650
  25   13       0.178580
  25   14       0.188362
  25   15       0.196531
  25   16       0.203478
  25   17       0.209493
  25   18       0.214792
  25   19       0.219546
  25   20       0.223859
  25   21       0.227949
  25   22       0.231551
  25   23       0.236199
  25   24       0.237807
  25   25       0.255740
  25   26       0.237762
  25   27       0.236026
  25   28       0.231227
  25   29       0.227375
  25   30       0.222969
  25   31       0.218231
  25   32       0.212926
  25   33       0.206912
  25   34       0.199964
  25   35       0.191795
  25   36       0.182013
  25   37       0.170083
  25   38       0.155277
  25   39       0.136610
  25   40       0.112797
  25   41       0.082238
  25   42       0.043025
  25   43      -0.007076
  25   44      -0.070835
  25   45      -0.152215
  25   46      -0.258050
  25   47      -0.402598
  25   48      -0.623878
  25   49      -1.225836
    
  26    1      -0.630798
  26    2      -0.409518
  26    3      -0.264969
  26    4      -0.159135
  26    5      -0.077755
  26    6      -0.013996
  26    7       0.036105
  26    8       0.075318
  26    9       0.105877
  26   10       0.129690
  26   11       0.148357
  26   12       0.163164
  26   13       0.175093
  26   14       0.184875
  26   15       0.193044
  26   16       0.199992
  26   17       0.206006
  26   18       0.211306
  26   19       0.216052
  26   20       0.220384
  26   21       0.224374
  26   22       0.228229
  26   23       0.231657
  26   24       0.236199
  26   25       0.237762
  26   26       0.255734
  26   27       0.237625
  26   28       0.235671
  26   29       0.230667
  26   30       0.226476
  26   31       0.221655
  26   32       0.216363
  26   33       0.210343
  26   34       0.203396
  26   35       0.195227
  26   36       0.185444
  26   37       0.173515
  26   38       0.158709
  26   39       0.140041
  26   40       0.116229
  26   41       0.085669
  26   42       0.046457
  26   43      -0.003644
  26   44      -0.067404
  26   45      -0.148783
  26   46      -0.254618
  26   47      -0.399166
  26   48      -0.620446
  26   49      -1.222404
    
  27    1      -0.634393
  27    2      -0.413113
  27    3      -0.268564
  27    4      -0.162730
  27    5      -0.081350
  27    6      -0.017591
  27    7       0.032510
  27    8       0.071723
  27    9       0.102282
  27   10       0.126095
  27   11       0.144762
  27   12       0.159569
  27   13       0.171498
  27   14       0.181280
  27   15       0.189449
  27   16       0.196396
  27   17       0.202411
  27   18       0.207710
  27   19       0.212458
  27   20       0.216781
  27   21       0.220792
  27   22       0.224542
  27   23       0.228229
  27   24       0.231551
  27   25       0.236026
  27   26       0.237625
  27   27       0.255718
  27   28       0.237388
  27   29       0.235115
  27   30       0.229840
  27   31       0.225202
  27   32       0.219840
  27   33       0.213829
  27   34       0.206878
  27   35       0.198709
  27   36       0.188926
  27   37       0.176997
  27   38       0.162191
  27   39       0.143523
  27   40       0.119711
  27   41       0.089151
  27   42       0.049938
  27   43      -0.000162
  27   44      -0.063922
  27   45      -0.145301
  27   46      -0.251136
  27   47      -0.395684
  27   48      -0.616964
  27   49      -1.218922
    
  28    1      -0.638157
  28    2      -0.416877
  28    3      -0.272328
  28    4      -0.166494
  28    5      -0.085114
  28    6      -0.021355
  28    7       0.028746
  28    8       0.067959
  28    9       0.098518
  28   10       0.122331
  28   11       0.140998
  28   12       0.155805
  28   13       0.167734
  28   14       0.177516
  28   15       0.185685
  28   16       0.192632
  28   17       0.198647
  28   18       0.203946
  28   19       0.208694
  28   20       0.213018
  28   21       0.217020
  28   22       0.220792
  28   23       0.224374
  28   24       0.227949
  28   25       0.231227
  28   26       0.235671
  28   27       0.237388
  28   28       0.255686
  28   29       0.237039
  28   30       0.234331
  28   31       0.228697
  28   32       0.223480
  28   33       0.217413
  28   34       0.210466
  28   35       0.202294
  28   36       0.192512
  28   37       0.180583
  28   38       0.165776
  28   39       0.147109
  28   40       0.123296
  28   41       0.092737
  28   42       0.053524
  28   43       0.003423
  28   44      -0.060336
  28   45      -0.141716
  28   46      -0.247550
  28   47      -0.392099
  28   48      -0.613379
  28   49      -1.215337
    
  29    1      -0.642160
  29    2      -0.420879
  29    3      -0.276331
  29    4      -0.170497
  29    5      -0.089117
  29    6      -0.025358
  29    7       0.024743
  29    8       0.063956
  29    9       0.094516
  29   10       0.118328
  29   11       0.136995
  29   12       0.151802
  29   13       0.163731
  29   14       0.173513
  29   15       0.181682
  29   16       0.188630
  29   17       0.194645
  29   18       0.199943
  29   19       0.204691
  29   20       0.209015
  29   21       0.213018
  29   22       0.216781
  29   23       0.220384
  29   24       0.223859
  29   25       0.227375
  29   26       0.230667
  29   27       0.235115
  29   28       0.237039
  29   29       0.255628
  29   30       0.236557
  29   31       0.233274
  29   32       0.227166
  29   33       0.221204
  29   34       0.214214
  29   35       0.206043
  29   36       0.196259
  29   37       0.184330
  29   38       0.169523
  29   39       0.150856
  29   40       0.127043
  29   41       0.096484
  29   42       0.057271
  29   43       0.007170
  29   44      -0.056589
  29   45      -0.137969
  29   46      -0.243803
  29   47      -0.388352
  29   48      -0.609632
  29   49      -1.211590
    
  30    1      -0.646484
  30    2      -0.425204
  30    3      -0.280655
  30    4      -0.174821
  30    5      -0.093441
  30    6      -0.029682
  30    7       0.020419
  30    8       0.059632
  30    9       0.090191
  30   10       0.114004
  30   11       0.132671
  30   12       0.147478
  30   13       0.159407
  30   14       0.169189
  30   15       0.177358
  30   16       0.184305
  30   17       0.190320
  30   18       0.195619
  30   19       0.200367
  30   20       0.204691
  30   21       0.208694
  30   22       0.212458
  30   23       0.216052
  30   24       0.219546
  30   25       0.222969
  30   26       0.226476
  30   27       0.229840
  30   28       0.234331
  30   29       0.236557
  30   30       0.255524
  30   31       0.235911
  30   32       0.231884
  30   33       0.225148
  30   34       0.218222
  30   35       0.210020
  30   36       0.200235
  30   37       0.188304
  30   38       0.173497
  30   39       0.154830
  30   40       0.131017
  30   41       0.100458
  30   42       0.061245
  30   43       0.011144
  30   44      -0.052615
  30   45      -0.133995
  30   46      -0.239829
  30   47      -0.384378
  30   48      -0.605658
  30   49      -1.207616
    
  31    1      -0.651231
  31    2      -0.429951
  31    3      -0.285403
  31    4      -0.179568
  31    5      -0.098189
  31    6      -0.034429
  31    7       0.015672
  31    8       0.054884
  31    9       0.085444
  31   10       0.109256
  31   11       0.127924
  31   12       0.142730
  31   13       0.154659
  31   14       0.164441
  31   15       0.172611
  31   16       0.179558
  31   17       0.185573
  31   18       0.190872
  31   19       0.195619
  31   20       0.199943
  31   21       0.203946
  31   22       0.207710
  31   23       0.211306
  31   24       0.214792
  31   25       0.218231
  31   26       0.221655
  31   27       0.225202
  31   28       0.228697
  31   29       0.233274
  31   30       0.235911
  31   31       0.255349
  31   32       0.235058
  31   33       0.230074
  31   34       0.222500
  31   35       0.214323
  31   36       0.204516
  31   37       0.192582
  31   38       0.177775
  31   39       0.159107
  31   40       0.135294
  31   41       0.104735
  31   42       0.065522
  31   43       0.015421
  31   44      -0.048338
  31   45      -0.129718
  31   46      -0.235552
  31   47      -0.380101
  31   48      -0.601381
  31   49      -1.203339
    
  32    1      -0.656530
  32    2      -0.435250
  32    3      -0.290702
  32    4      -0.184867
  32    5      -0.103487
  32    6      -0.039728
  32    7       0.010373
  32    8       0.049586
  32    9       0.080145
  32   10       0.103958
  32   11       0.122625
  32   12       0.137431
  32   13       0.149361
  32   14       0.159143
  32   15       0.167312
  32   16       0.174259
  32   17       0.180274
  32   18       0.185573
  32   19       0.190320
  32   20       0.194645
  32   21       0.198647
  32   22       0.202411
  32   23       0.206006
  32   24       0.209493
  32   25       0.212926
  32   26       0.216363
  32   27       0.219840
  32   28       0.223480
  32   29       0.227166
  32   30       0.231884
  32   31       0.235058
  32   32       0.255062
  32   33       0.233933
  32   34       0.227721
  32   35       0.219021
  32   36       0.209207
  32   37       0.197257
  32   38       0.182446
  32   39       0.163778
  32   40       0.139965
  32   41       0.109405
  32   42       0.070192
  32   43       0.020091
  32   44      -0.043668
  32   45      -0.125048
  32   46      -0.230882
  32   47      -0.375431
  32   48      -0.596711
  32   49      -1.198668
    
  33    1      -0.662545
  33    2      -0.441265
  33    3      -0.296717
  33    4      -0.190882
  33    5      -0.109502
  33    6      -0.045743
  33    7       0.004358
  33    8       0.043571
  33    9       0.074130
  33   10       0.097943
  33   11       0.116610
  33   12       0.131416
  33   13       0.143346
  33   14       0.153128
  33   15       0.161297
  33   16       0.168244
  33   17       0.174259
  33   18       0.179558
  33   19       0.184305
  33   20       0.188630
  33   21       0.192632
  33   22       0.196396
  33   23       0.199992
  33   24       0.203478
  33   25       0.206912
  33   26       0.210343
  33   27       0.213829
  33   28       0.217413
  33   29       0.221204
  33   30       0.225148
  33   31       0.230074
  33   32       0.233933
  33   33       0.254601
  33   34       0.232440
  33   35       0.224655
  33   36       0.214430
  33   37       0.202449
  33   38       0.187625
  33   39       0.168953
  33   40       0.145139
  33   41       0.114579
  33   42       0.075366
  33   43       0.025265
  33   44      -0.038494
  33   45      -0.119874
  33   46      -0.225708
  33   47      -0.370257
  33   48      -0.591537
  33   49      -1.193495
    
  34    1      -0.669492
  34    2      -0.448212
  34    3      -0.303664
  34    4      -0.197829
  34    5      -0.116450
  34    6      -0.052691
  34    7      -0.002590
  34    8       0.036623
  34    9       0.067183
  34   10       0.090995
  34   11       0.109663
  34   12       0.124469
  34   13       0.136398
  34   14       0.146180
  34   15       0.154349
  34   16       0.161297
  34   17       0.167312
  34   18       0.172611
  34   19       0.177358
  34   20       0.181682
  34   21       0.185685
  34   22       0.189449
  34   23       0.193044
  34   24       0.196531
  34   25       0.199964
  34   26       0.203396
  34   27       0.206878
  34   28       0.210466
  34   29       0.214214
  34   30       0.218222
  34   31       0.222500
  34   32       0.227721
  34   33       0.232440
  34   34       0.253870
  34   35       0.230435
  34   36       0.220628
  34   37       0.208327
  34   38       0.193456
  34   39       0.174771
  34   40       0.150954
  34   41       0.120393
  34   42       0.081180
  34   43       0.031079
  34   44      -0.032681
  34   45      -0.114060
  34   46      -0.219895
  34   47      -0.364443
  34   48      -0.585723
  34   49      -1.187681
    
  35    1      -0.677661
  35    2      -0.456381
  35    3      -0.311833
  35    4      -0.205999
  35    5      -0.124619
  35    6      -0.060860
  35    7      -0.010759
  35    8       0.028454
  35    9       0.059014
  35   10       0.082826
  35   11       0.101493
  35   12       0.116300
  35   13       0.128229
  35   14       0.138011
  35   15       0.146180
  35   16       0.153128
  35   17       0.159143
  35   18       0.164441
  35   19       0.169189
  35   20       0.173513
  35   21       0.177516
  35   22       0.181280
  35   23       0.184875
  35   24       0.188362
  35   25       0.191795
  35   26       0.195227
  35   27       0.198709
  35   28       0.202294
  35   29       0.206043
  35   30       0.210020
  35   31       0.214323
  35   32       0.219021
  35   33       0.224655
  35   34       0.230435
  35   35       0.252721
  35   36       0.227705
  35   37       0.215289
  35   38       0.200152
  35   39       0.181412
  35   40       0.157581
  35   41       0.127017
  35   42       0.087803
  35   43       0.037701
  35   44      -0.026058
  35   45      -0.107438
  35   46      -0.213272
  35   47      -0.357821
  35   48      -0.579101
  35   49      -1.181059
    
  36    1      -0.687444
  36    2      -0.466163
  36    3      -0.321615
  36    4      -0.215781
  36    5      -0.134401
  36    6      -0.070642
  36    7      -0.020541
  36    8       0.018672
  36    9       0.049232
  36   10       0.073044
  36   11       0.091711
  36   12       0.106518
  36   13       0.118447
  36   14       0.128229
  36   15       0.136398
  36   16       0.143346
  36   17       0.149361
  36   18       0.154659
  36   19       0.159407
  36   20       0.163731
  36   21       0.167734
  36   22       0.171498
  36   23       0.175093
  36   24       0.178580
  36   25       0.182013
  36   26       0.185444
  36   27       0.188926
  36   28       0.192512
  36   29       0.196259
  36   30       0.200235
  36   31       0.204516
  36   32       0.209207
  36   33       0.214430
  36   34       0.220628
  36   35       0.227705
  36   36       0.250924
  36   37       0.223923
  36   38       0.208131
  36   39       0.189137
  36   40       0.165244
  36   41       0.134663
  36   42       0.095445
  36   43       0.045343
  36   44      -0.018417
  36   45      -0.099797
  36   46      -0.205631
  36   47      -0.350180
  36   48      -0.571460
  36   49      -1.173417
    
  37    1      -0.699373
  37    2      -0.478093
  37    3      -0.333544
  37    4      -0.227710
  37    5      -0.146330
  37    6      -0.082571
  37    7      -0.032470
  37    8       0.006743
  37    9       0.037302
  37   10       0.061115
  37   11       0.079782
  37   12       0.094589
  37   13       0.106518
  37   14       0.116300
  37   15       0.124469
  37   16       0.131416
  37   17       0.137431
  37   18       0.142730
  37   19       0.147478
  37   20       0.151802
  37   21       0.155805
  37   22       0.159569
  37   23       0.163164
  37   24       0.166650
  37   25       0.170083
  37   26       0.173515
  37   27       0.176997
  37   28       0.180583
  37   29       0.184330
  37   30       0.188304
  37   31       0.192582
  37   32       0.197257
  37   33       0.202449
  37   34       0.208327
  37   35       0.215289
  37   36       0.223923
  37   37       0.248120
  37   38       0.218594
  37   39       0.198438
  37   40       0.174258
  37   41       0.143606
  37   42       0.104369
  37   43       0.054262
  37   44      -0.009500
  37   45      -0.090880
  37   46      -0.196714
  37   47      -0.341263
  37   48      -0.562543
  37   49      -1.164501
    
  38    1      -0.714179
  38    2      -0.492899
  38    3      -0.348351
  38    4      -0.242516
  38    5      -0.161137
  38    6      -0.097377
  38    7      -0.047276
  38    8      -0.008064
  38    9       0.022496
  38   10       0.046308
  38   11       0.064976
  38   12       0.079782
  38   13       0.091711
  38   14       0.101493
  38   15       0.109663
  38   16       0.116610
  38   17       0.122625
  38   18       0.127924
  38   19       0.132671
  38   20       0.136995
  38   21       0.140998
  38   22       0.144762
  38   23       0.148357
  38   24       0.151844
  38   25       0.155277
  38   26       0.158709
  38   27       0.162191
  38   28       0.165776
  38   29       0.169523
  38   30       0.173497
  38   31       0.177775
  38   32       0.182446
  38   33       0.187625
  38   34       0.193456
  38   35       0.200152
  38   36       0.208131
  38   37       0.218594
  38   38       0.243757
  38   39       0.210983
  38   40       0.185225
  38   41       0.154221
  38   42       0.114896
  38   43       0.064765
  38   44       0.000998
  38   45      -0.080384
  38   46      -0.186219
  38   47      -0.330768
  38   48      -0.552048
  38   49      -1.154006
    
  39    1      -0.732846
  39    2      -0.511566
  39    3      -0.367018
  39    4      -0.261184
  39    5      -0.179804
  39    6      -0.116045
  39    7      -0.065944
  39    8      -0.026731
  39    9       0.003829
  39   10       0.027641
  39   11       0.046308
  39   12       0.061115
  39   13       0.073044
  39   14       0.082826
  39   15       0.090995
  39   16       0.097943
  39   17       0.103958
  39   18       0.109256
  39   19       0.114004
  39   20       0.118328
  39   21       0.122331
  39   22       0.126095
  39   23       0.129690
  39   24       0.133177
  39   25       0.136610
  39   26       0.140041
  39   27       0.143523
  39   28       0.147109
  39   29       0.150856
  39   30       0.154830
  39   31       0.159107
  39   32       0.163778
  39   33       0.168953
  39   34       0.174771
  39   35       0.181412
  39   36       0.189137
  39   37       0.198438
  39   38       0.210983
  39   39       0.237016
  39   40       0.200039
  39   41       0.167191
  39   42       0.127443
  39   43       0.077204
  39   44       0.013408
  39   45      -0.067981
  39   46      -0.173818
  39   47      -0.318367
  39   48      -0.539647
  39   49      -1.141605
    
  40    1      -0.756659
  40    2      -0.535379
  40    3      -0.390831
  40    4      -0.284996
  40    5      -0.203617
  40    6      -0.139857
  40    7      -0.089756
  40    8      -0.050543
  40    9      -0.019984
  40   10       0.003829
  40   11       0.022496
  40   12       0.037302
  40   13       0.049232
  40   14       0.059014
  40   15       0.067183
  40   16       0.074130
  40   17       0.080145
  40   18       0.085444
  40   19       0.090191
  40   20       0.094516
  40   21       0.098518
  40   22       0.102282
  40   23       0.105877
  40   24       0.109364
  40   25       0.112797
  40   26       0.116229
  40   27       0.119711
  40   28       0.123296
  40   29       0.127043
  40   30       0.131017
  40   31       0.135294
  40   32       0.139965
  40   33       0.145139
  40   34       0.150954
  40   35       0.157581
  40   36       0.165244
  40   37       0.174258
  40   38       0.185225
  40   39       0.200039
  40   40       0.226737
  40   41       0.184334
  40   42       0.142676
  40   43       0.091973
  40   44       0.028055
  40   45      -0.053367
  40   46      -0.159213
  40   47      -0.303764
  40   48      -0.525045
  40   49      -1.127003
    
  41    1      -0.787219
  41    2      -0.565939
  41    3      -0.421390
  41    4      -0.315556
  41    5      -0.234176
  41    6      -0.170417
  41    7      -0.120316
  41    8      -0.081103
  41    9      -0.050543
  41   10      -0.026731
  41   11      -0.008064
  41   12       0.006743
  41   13       0.018672
  41   14       0.028454
  41   15       0.036623
  41   16       0.043571
  41   17       0.049586
  41   18       0.054884
  41   19       0.059632
  41   20       0.063956
  41   21       0.067959
  41   22       0.071723
  41   23       0.075318
  41   24       0.078804
  41   25       0.082238
  41   26       0.085669
  41   27       0.089151
  41   28       0.092737
  41   29       0.096484
  41   30       0.100458
  41   31       0.104735
  41   32       0.109405
  41   33       0.114579
  41   34       0.120393
  41   35       0.127017
  41   36       0.134663
  41   37       0.143606
  41   38       0.154221
  41   39       0.167191
  41   40       0.184334
  41   41       0.211391
  41   42       0.162030
  41   43       0.109562
  41   44       0.045192
  41   45      -0.036350
  41   46      -0.142228
  41   47      -0.286786
  41   48      -0.508069
  41   49      -1.110027
    
  42    1      -0.826431
  42    2      -0.605151
  42    3      -0.460603
  42    4      -0.354768
  42    5      -0.273389
  42    6      -0.209629
  42    7      -0.159529
  42    8      -0.120316
  42    9      -0.089756
  42   10      -0.065944
  42   11      -0.047276
  42   12      -0.032470
  42   13      -0.020541
  42   14      -0.010759
  42   15      -0.002590
  42   16       0.004358
  42   17       0.010373
  42   18       0.015672
  42   19       0.020419
  42   20       0.024743
  42   21       0.028746
  42   22       0.032510
  42   23       0.036105
  42   24       0.039592
  42   25       0.043025
  42   26       0.046457
  42   27       0.049938
  42   28       0.053524
  42   29       0.057271
  42   30       0.061245
  42   31       0.065522
  42   32       0.070192
  42   33       0.075366
  42   34       0.081180
  42   35       0.087803
  42   36       0.095445
  42   37       0.104369
  42   38       0.114896
  42   39       0.127443
  42   40       0.142676
  42   41       0.162030
  42   42       0.189067
  42   43       0.130802
  42   44       0.064984
  42   45      -0.016939
  42   46      -0.122915
  42   47      -0.267499
  42   48      -0.488786
  42   49      -1.090745
    
  43    1      -0.876532
  43    2      -0.655252
  43    3      -0.510704
  43    4      -0.404869
  43    5      -0.323490
  43    6      -0.259731
  43    7      -0.209630
  43    8      -0.170417
  43    9      -0.139857
  43   10      -0.116045
  43   11      -0.097377
  43   12      -0.082571
  43   13      -0.070642
  43   14      -0.060860
  43   15      -0.052691
  43   16      -0.045743
  43   17      -0.039728
  43   18      -0.034429
  43   19      -0.029682
  43   20      -0.025358
  43   21      -0.021355
  43   22      -0.017591
  43   23      -0.013996
  43   24      -0.010509
  43   25      -0.007076
  43   26      -0.003644
  43   27      -0.000163
  43   28       0.003423
  43   29       0.007170
  43   30       0.011144
  43   31       0.015421
  43   32       0.020091
  43   33       0.025265
  43   34       0.031079
  43   35       0.037701
  43   36       0.045343
  43   37       0.054261
  43   38       0.064765
  43   39       0.077204
  43   40       0.091973
  43   41       0.109561
  43   42       0.130802
  43   43       0.157430
  43   44       0.087603
  43   45       0.004637
  43   46      -0.101612
  43   47      -0.246263
  43   48      -0.467565
  43   49      -1.069526
    
  44    1      -0.940292
  44    2      -0.719012
  44    3      -0.574464
  44    4      -0.468629
  44    5      -0.387249
  44    6      -0.323490
  44    7      -0.273389
  44    8      -0.234176
  44    9      -0.203617
  44   10      -0.179804
  44   11      -0.161137
  44   12      -0.146331
  44   13      -0.134401
  44   14      -0.124619
  44   15      -0.116450
  44   16      -0.109503
  44   17      -0.103488
  44   18      -0.098189
  44   19      -0.093441
  44   20      -0.089117
  44   21      -0.085115
  44   22      -0.081351
  44   23      -0.077755
  44   24      -0.074269
  44   25      -0.070836
  44   26      -0.067404
  44   27      -0.063922
  44   28      -0.060337
  44   29      -0.056589
  44   30      -0.052615
  44   31      -0.048338
  44   32      -0.043668
  44   33      -0.038494
  44   34      -0.032681
  44   35      -0.026058
  44   36      -0.018417
  44   37      -0.009500
  44   38       0.000997
  44   39       0.013408
  44   40       0.028055
  44   41       0.045191
  44   42       0.064984
  44   43       0.087603
  44   44       0.113483
  44   45       0.028017
  44   46      -0.078881
  44   47      -0.223693
  44   48      -0.445029
  44   49      -1.046995
    
  45    1      -1.021672
  45    2      -0.800392
  45    3      -0.655844
  45    4      -0.550009
  45    5      -0.468630
  45    6      -0.404870
  45    7      -0.354769
  45    8      -0.315556
  45    9      -0.284997
  45   10      -0.261184
  45   11      -0.242517
  45   12      -0.227711
  45   13      -0.215781
  45   14      -0.205999
  45   15      -0.197830
  45   16      -0.190883
  45   17      -0.184868
  45   18      -0.179569
  45   19      -0.174822
  45   20      -0.170497
  45   21      -0.166495
  45   22      -0.162731
  45   23      -0.159136
  45   24      -0.155649
  45   25      -0.152216
  45   26      -0.148784
  45   27      -0.145302
  45   28      -0.141717
  45   29      -0.137970
  45   30      -0.133996
  45   31      -0.129719
  45   32      -0.125048
  45   33      -0.119875
  45   34      -0.114061
  45   35      -0.107439
  45   36      -0.099798
  45   37      -0.090881
  45   38      -0.080385
  45   39      -0.067982
  45   40      -0.053368
  45   41      -0.036351
  45   42      -0.016939
  45   43       0.004636
  45   44       0.028016
  45   45       0.052904
  45   46      -0.055361
  45   47      -0.200510
  45   48      -0.421920
  45   49      -1.023895
    
  46    1      -1.127508
  46    2      -0.906228
  46    3      -0.761680
  46    4      -0.655845
  46    5      -0.574466
  46    6      -0.510706
  46    7      -0.460605
  46    8      -0.421393
  46    9      -0.390833
  46   10      -0.367020
  46   11      -0.348353
  46   12      -0.333547
  46   13      -0.321617
  46   14      -0.311835
  46   15      -0.303666
  46   16      -0.296719
  46   17      -0.290704
  46   18      -0.285405
  46   19      -0.280658
  46   20      -0.276333
  46   21      -0.272331
  46   22      -0.268567
  46   23      -0.264972
  46   24      -0.261485
  46   25      -0.258052
  46   26      -0.254620
  46   27      -0.251138
  46   28      -0.247553
  46   29      -0.243806
  46   30      -0.239832
  46   31      -0.235555
  46   32      -0.230884
  46   33      -0.225711
  46   34      -0.219897
  46   35      -0.213275
  46   36      -0.205634
  46   37      -0.196717
  46   38      -0.186222
  46   39      -0.173821
  46   40      -0.159215
  46   41      -0.142230
  46   42      -0.122918
  46   43      -0.101614
  46   44      -0.078883
  46   45      -0.055363
  46   46      -0.031597
  46   47      -0.177369
  46   48      -0.398914
  46   49      -1.000907
    
  47    1      -1.272060
  47    2      -1.050780
  47    3      -0.906232
  47    4      -0.800397
  47    5      -0.719018
  47    6      -0.655258
  47    7      -0.605158
  47    8      -0.565945
  47    9      -0.535385
  47   10      -0.511573
  47   11      -0.492905
  47   12      -0.478099
  47   13      -0.466170
  47   14      -0.456388
  47   15      -0.448219
  47   16      -0.441271
  47   17      -0.435256
  47   18      -0.429957
  47   19      -0.425210
  47   20      -0.420886
  47   21      -0.416883
  47   22      -0.413119
  47   23      -0.409524
  47   24      -0.406037
  47   25      -0.402604
  47   26      -0.399172
  47   27      -0.395691
  47   28      -0.392105
  47   29      -0.388358
  47   30      -0.384384
  47   31      -0.380107
  47   32      -0.375437
  47   33      -0.370263
  47   34      -0.364449
  47   35      -0.357827
  47   36      -0.350186
  47   37      -0.341269
  47   38      -0.330774
  47   39      -0.318373
  47   40      -0.303770
  47   41      -0.286793
  47   42      -0.267505
  47   43      -0.246269
  47   44      -0.223698
  47   45      -0.200515
  47   46      -0.177372
  47   47      -0.154744
  47   48      -0.376501
  47   49      -0.978522
    
  48    1      -1.493351
  48    2      -1.272071
  48    3      -1.127522
  48    4      -1.021688
  48    5      -0.940308
  48    6      -0.876549
  48    7      -0.826448
  48    8      -0.787235
  48    9      -0.756676
  48   10      -0.732863
  48   11      -0.714196
  48   12      -0.699389
  48   13      -0.687460
  48   14      -0.677678
  48   15      -0.669509
  48   16      -0.662562
  48   17      -0.656547
  48   18      -0.651248
  48   19      -0.646500
  48   20      -0.642176
  48   21      -0.638173
  48   22      -0.634409
  48   23      -0.630814
  48   24      -0.627328
  48   25      -0.623895
  48   26      -0.620463
  48   27      -0.616981
  48   28      -0.613396
  48   29      -0.609648
  48   30      -0.605674
  48   31      -0.601397
  48   32      -0.596727
  48   33      -0.591553
  48   34      -0.585740
  48   35      -0.579117
  48   36      -0.571476
  48   37      -0.562559
  48   38      -0.552064
  48   39      -0.539664
  48   40      -0.525061
  48   41      -0.508085
  48   42      -0.488803
  48   43      -0.467581
  48   44      -0.445045
  48   45      -0.421934
  48   46      -0.398925
  48   47      -0.376507
  48   48      -0.354954
  48   49      -0.957008
    
  49    1      -1.970393
  49    2      -1.749113
  49    3      -1.604565
  49    4      -1.498730
  49    5      -1.417350
  49    6      -1.353591
  49    7      -1.303490
  49    8      -1.264277
  49    9      -1.233718
  49   10      -1.209905
  49   11      -1.191238
  49   12      -1.176432
  49   13      -1.164502
  49   14      -1.154720
  49   15      -1.146551
  49   16      -1.139604
  49   17      -1.133589
  49   18      -1.128290
  49   19      -1.123542
  49   20      -1.119218
  49   21      -1.115216
  49   22      -1.111452
  49   23      -1.107856
  49   24      -1.104370
  49   25      -1.100937
  49   26      -1.097505
  49   27      -1.094023
  49   28      -1.090438
  49   29      -1.086690
  49   30      -1.082716
  49   31      -1.078439
  49   32      -1.073769
  49   33      -1.068595
  49   34      -1.062782
  49   35      -1.056160
  49   36      -1.048518
  49   37      -1.039601
  49   38      -1.029107
  49   39      -1.016706
  49   40      -1.002103
  49   41      -0.985128
  49   42      -0.965846
  49   43      -0.944625
  49   44      -0.922093
  49   45      -0.898989
  49   46      -0.875994
  49   47      -0.853599
  49   48      -0.832072
  49   49      -0.936448
    
