 -3.1102      0.00658413465690545
 -3.0892      0.01097351654950642
 -3.0683      0.01536278896179597
 -3.0473      0.01975183935886665
 -3.0264      0.02414050574709383
 -3.0055      0.02852856822076535
 -2.9845      0.03291573974881681
 -2.9636      0.03730165655504962
 -2.9426      0.04168586838280859
 -2.9217      0.04606782888949184
 -2.9007      0.05044688638335261
 -2.8798      0.05482227509174124
 -2.8588      0.05919310713378283
 -2.8379      0.06355836535887800
 -2.8170      0.06791689720419222
 -2.7960      0.07226740971713730
 -2.7751      0.07660846588245315
 -2.7541      0.08093848238543629
 -2.7332      0.08525572893390776
 -2.7122      0.08955832924932962
 -2.6913      0.09384426382244769
 -2.6704      0.09811137451054457
 -2.6494      0.10235737103124846
 -2.6285      0.10657983938173687
 -2.6075      0.11077625218344613
 -2.5866      0.11494398091932985
 -2.5656      0.11908030999641656
 -2.5447      0.12318245252887006
 -2.5237      0.12724756769997317
 -2.5028      0.13127277952319080
 -2.4819      0.13525519678670614
 -2.4609      0.13919193393232845
 -2.4400      0.14308013258958763
 -2.4190      0.14691698346129373
 -2.3981      0.15069974823812832
 -2.3771      0.15442578120844491
 -2.3562      0.15809255022527333
 -2.3353      0.16169765669786065
 -2.3143      0.16523885428735094
 -2.2934      0.16871406600841257
 -2.2724      0.17212139946779062
 -2.2515      0.17545916000745371
 -2.2305      0.17872586156314474
 -2.2096      0.18192023509666103
 -2.1886      0.18504123451147533
 -2.1677      0.18808804001425475
 -2.1468      0.19106005893745720
 -2.1258      0.19395692409006487
 -2.1049      0.19677848975086490
 -2.0839      0.19952482546277614
 -2.0630      0.20219620782364867
 -2.0420      0.20479311050032320
 -2.0211      0.20731619271531465
 -2.0001      0.20976628647143386
 -1.9792      0.21214438278747208
 -1.9583      0.21445161721752831
 -1.9373      0.21668925492057259
 -1.9164      0.21885867553336716
 -1.8954      0.22096135808190992
 -1.8745      0.22299886614378767
 -1.8535      0.22497283344874425
 -1.8326      0.22688495007674994
 -1.8117      0.22873694938503525
 -1.7907      0.23053059576626475
 -1.7698      0.23226767331397677
 -1.7488      0.23394997544373700
 -1.7279      0.23557929549673529
 -1.7069      0.23715741832971984
 -1.6860      0.23868611287837849
 -1.6650      0.24016712566504544
 -1.6441      0.24160217520965285
 -1.6232      0.24299294729334242
 -1.6022      0.24434109101699045
 -1.5813      0.24564821559295186
 -1.5603      0.24691588780518076
 -1.5394      0.24814563007302606
 -1.5184      0.24933891905426195
 -1.4975      0.25049718472539206
 -1.4765      0.25162180987999411
 -1.4556      0.25271412998963788
 -1.4347      0.25377543337580549
 -1.4137      0.25480696164569555
 -1.3928      0.25580991034907241
 -1.3718      0.25678542981754493
 -1.3509      0.25773462615246823
 -1.3299      0.25865856233064721
 -1.3090      0.25955825940180610
 -1.2881      0.26043469775452477
 -1.2671      0.26128881843099949
 -1.2462      0.26212152447355830
 -1.2252      0.26293368228876718
 -1.2043      0.26372612301656828
 -1.1833      0.26449964389517544
 -1.1624      0.26525500961275894
 -1.1414      0.26599295363971726
 -1.1205      0.26671417953622506
 -1.0996      0.26741936223087981
 -1.0786      0.26810914926736201
 -1.0577      0.26878416201748623
 -1.0367      0.26944499685872692
 -1.0158      0.27009222631649643
 -0.9948      0.27072640017082528
 -0.9739      0.27134804652852834
 -0.9529      0.27195767286248118
 -0.9320      0.27255576702029027
 -0.9111      0.27314279820503040
 -0.8901      0.27371921793228216
 -0.8692      0.27428546096818751
 -0.8482      0.27484194625435743
 -0.8273      0.27538907782745653
 -0.8063      0.27592724574233385
 -0.7854      0.27645682701099678
 -0.7645      0.27697818657105139
 -0.7435      0.27749167830276605
 -0.7226      0.27799764611649702
 -0.7016      0.27849642514060408
 -0.6807      0.27898834304539444
 -0.6597      0.27947372154977529
 -0.6388      0.27995287816983416
 -0.6178      0.28042612828423247
 -0.5969      0.28089378761271067
 -0.5760      0.28135617523103096
 -0.5550      0.28181361728101123
 -0.5341      0.28226645158037483
 -0.5131      0.28271503339782922
 -0.4922      0.28315974273921124
 -0.4712      0.28360099359816737
 -0.4503      0.28403924577081341
 -0.4294      0.28447502003345831
 -0.4084      0.28490891776244737
 -0.3875      0.28534164647161847
 -0.3665      0.28577405332101791
 -0.3456      0.28620716950842856
 -0.3246      0.28664226976992457
 -0.3037      0.28708095327954475
 -0.2827      0.28752525558515213
 -0.2618      0.28797780681546387
 -0.2409      0.28844206106014147
 -0.2199      0.28892263908101690
 -0.1990      0.28942585832674639
 -0.1780      0.28996058480081549
 -0.1571      0.29053966031924061
 -0.1361      0.29118239948601549
 -0.1152      0.29191915194370516
 -0.0942      0.29279999678056351
 -0.0733      0.29391198299460469
 -0.0524      0.29541459115922625
 -0.0314      0.29761514132426659
 -0.0105      0.30113403436227254
  0.0105      0.29761539109179641
  0.0314      0.29541542005430171
  0.0524      0.29391372137107219
  0.0733      0.29280289852757685
  0.0942      0.29192341488057399
  0.1152      0.29118819201355678
  0.1361      0.29054713874838600
  0.1571      0.28996990264773542
  0.1780      0.28943717081435733
  0.1990      0.28893610514338580
  0.2199      0.28845784414317077
  0.2409      0.28799607513431541
  0.2618      0.28754618215881322
  0.2827      0.28710471589303793
  0.3037      0.28666905093345840
  0.3246      0.28623715644350295
  0.3456      0.28580743798633840
  0.3665      0.28537862563214872
  0.3875      0.28494969310136636
  0.4084      0.28451979830497998
  0.4294      0.28408823899044888
  0.4503      0.28365441926801366
  0.4712      0.28321782410456664
  0.4922      0.28277799973304046
  0.5131      0.28233453850136742
  0.5341      0.28188706708287103
  0.5550      0.28143523724922825
  0.5760      0.28097871860685308
  0.5969      0.28051719284395837
  0.6178      0.28005034914246751
  0.6388      0.27957788048966481
  0.6597      0.27909948068541135
  0.6807      0.27861484188600755
  0.7016      0.27812365256204008
  0.7226      0.27762559577370294
  0.7435      0.27712034768907973
  0.7645      0.27660757628597216
  0.7854      0.27608694019120883
  0.8063      0.27555808762112477
  0.8273      0.27502065539425674
  0.8482      0.27447426799320046
  0.8692      0.27391853665796601
  0.8901      0.27335305849582725
  0.9111      0.27277741559640845
  0.9320      0.27219117414233979
  0.9529      0.27159388350834163
  0.9739      0.27098507534205452
  0.9948      0.27036426262235042
  1.0158      0.26973093869052212
  1.0367      0.26908457625155185
  1.0577      0.26842462634281516
  1.0786      0.26775051726858168
  1.0996      0.26706165349858679
  1.1205      0.26635741453080886
  1.1414      0.26563715371760105
  1.1624      0.26490019705648993
  1.1833      0.26414584194642415
  1.2043      0.26337335591204475
  1.2252      0.26258197529897331
  1.2462      0.26177090394379937
  1.2671      0.26093931182481483
  1.2881      0.26008633369946410
  1.3090      0.25921106773727004
  1.3299      0.25831257415776115
  1.3509      0.25738987388612278
  1.3718      0.25644194724023994
  1.3928      0.25546773266654749
  1.4137      0.25446612554435116
  1.4347      0.25343597708149179
  1.4556      0.25237609332815758
  1.4765      0.25128523433838279
  1.4975      0.25016211351439033
  1.5184      0.24900539717125858
  1.5394      0.24781370436530678
  1.5603      0.24658560703294866
  1.5813      0.24531963049178640
  1.6022      0.24401425435899887
  1.6232      0.24266791394646964
  1.6441      0.24127900219443740
  1.6650      0.23984587220794162
  1.6860      0.23836684046082254
  1.7069      0.23684019073192769
  1.7279      0.23526417883511352
  1.7488      0.23363703820090306
  1.7698      0.23195698635997586
  1.7907      0.23022223237005404
  1.8117      0.22843098521442878
  1.8326      0.22658146318606576
  1.8535      0.22467190425234365
  1.8745      0.22270057737465374
  1.8954      0.22066579473371478
  1.9164      0.21856592478509557
  1.9373      0.21639940604270852
  1.9583      0.21416476145892258
  1.9792      0.21186061324238967
  2.0001      0.20948569792648972
  2.0211      0.20703888147605085
  2.0420      0.20451917419793295
  2.0630      0.20192574520215129
  2.0839      0.19925793614804246
  2.1049      0.19651527400233693
  2.1258      0.19369748253716618
  2.1468      0.19080449230266558
  2.1677      0.18783644882508549
  2.1886      0.18479371880428871
  2.2096      0.18167689411505666
  2.2305      0.17848679345416452
  2.2515      0.17522446151882939
  2.2724      0.17189116564977283
  2.2934      0.16848838992345785
  2.3143      0.16501782673107721
  2.3353      0.16148136593460230
  2.3562      0.15788108174111590
  2.3771      0.15421921748471287
  2.3981      0.15049816854776998
  2.4190      0.14672046369014802
  2.4400      0.14288874508455573
  2.4609      0.13900574737746380
  2.4819      0.13507427610829026
  2.5028      0.13109718582407925
  2.5237      0.12707735822320995
  2.5447      0.12301768065015446
  2.5656      0.11892102524445775
  2.5866      0.11479022902290779
  2.6075      0.11062807514349460
  2.6285      0.10643727556678288
  2.6494      0.10222045529383145
  2.6704      0.09798013832252399
  2.6913      0.09371873542664348
  2.7122      0.08943853382505243
  2.7332      0.08514168877365133
  2.7541      0.08083021708035759
  2.7751      0.07650599251397236
  2.7960      0.07217074305217180
  2.8170      0.06782604989177692
  2.8379      0.06347334812588200
  2.8588      0.05911392897756622
  2.8798      0.05474894346798687
  2.9007      0.05037940738716495
  2.9217      0.04600620742833141
  2.9426      0.04163010833981137
  2.9636      0.03725176094164183
  2.9845      0.03287171084562270
  3.0055      0.02849040770612752
  3.0264      0.02410821481276477
  3.0473      0.01972541881265791
  3.0683      0.01534223931736505
  3.0892      0.01095883810382857
  3.1102      0.00657532755642303
