 -3.1102      0.00000000000000010
 -3.0892      0.00000000000000095
 -3.0683      0.00000000000000313
 -3.0473      0.00000000000000775
 -3.0264      0.00000000000001579
 -3.0055      0.00000000000002920
 -2.9845      0.00000000000004969
 -2.9636      0.00000000000008012
 -2.9426      0.00000000000012404
 -2.9217      0.00000000000018694
 -2.9007      0.00000000000027381
 -2.8798      0.00000000000039569
 -2.8588      0.00000000000056017
 -2.8379      0.00000000000078457
 -2.8170      0.00000000000108666
 -2.7960      0.00000000000148993
 -2.7751      0.00000000000202712
 -2.7541      0.00000000000273626
 -2.7332      0.00000000000367176
 -2.7122      0.00000000000489747
 -2.6913      0.00000000000649797
 -2.6704      0.00000000000858020
 -2.6494      0.00000000001128054
 -2.6285      0.00000000001477432
 -2.6075      0.00000000001927398
 -2.5866      0.00000000002506230
 -2.5656      0.00000000003248148
 -2.5447      0.00000000004197148
 -2.5237      0.00000000005408247
 -2.5028      0.00000000006950218
 -2.4819      0.00000000008909171
 -2.4609      0.00000000011392925
 -2.4400      0.00000000014535860
 -2.4190      0.00000000018504811
 -2.3981      0.00000000023507807
 -2.3771      0.00000000029802814
 -2.3562      0.00000000037709325
 -2.3353      0.00000000047622685
 -2.3143      0.00000000060030427
 -2.2934      0.00000000075534728
 -2.2724      0.00000000094876259
 -2.2515      0.00000000118965121
 -2.2305      0.00000000148918117
 -2.2096      0.00000000186103276
 -2.1886      0.00000000232194344
 -2.1677      0.00000000289234132
 -2.1468      0.00000000359713415
 -2.1258      0.00000000446663729
 -2.1049      0.00000000553769570
 -2.0839      0.00000000685499742
 -2.0630      0.00000000847268808
 -2.0420      0.00000001045623035
 -2.0211      0.00000001288467424
 -2.0001      0.00000001585330990
 -1.9792      0.00000001947680841
 -1.9583      0.00000002389296965
 -1.9373      0.00000002926709709
 -1.9164      0.00000003579718855
 -1.8954      0.00000004372002020
 -1.8745      0.00000005331828163
 -1.8535      0.00000006492897560
 -1.8326      0.00000007895320222
 -1.8117      0.00000009586759679
 -1.7907      0.00000011623772249
 -1.7698      0.00000014073357277
 -1.7488      0.00000017014768312
 -1.7279      0.00000020541611711
 -1.7069      0.00000024764278558
 -1.6860      0.00000029812763472
 -1.6650      0.00000035839918233
 -1.6441      0.00000043025210186
 -1.6232      0.00000051579054295
 -1.6022      0.00000061747798648
 -1.5813      0.00000073819456020
 -1.5603      0.00000088130284158
 -1.5394      0.00000105072331894
 -1.5184      0.00000125102082552
 -1.4975      0.00000148750337763
 -1.4765      0.00000176633514656
 -1.4556      0.00000209466537946
 -1.4347      0.00000248077538723
 -1.4137      0.00000293424594176
 -1.3928      0.00000346614775639
 -1.3718      0.00000408925795209
 -1.3509      0.00000481830594283
 -1.3299      0.00000567025232378
 -1.3090      0.00000666460506728
 -1.2881      0.00000782377761710
 -1.2671      0.00000917349415985
 -1.2462      0.00001074324793259
 -1.2252      0.00001256681905694
 -1.2043      0.00001468285934270
 -1.1833      0.00001713555218627
 -1.1624      0.00001997535673849
 -1.1414      0.00002325984665335
 -1.1205      0.00002705465487196
 -1.0996      0.00003143453722979
 -1.0786      0.00003648456928309
 -1.0577      0.00004230149242394
 -1.0367      0.00004899522708928
 -1.0158      0.00005669057332436
 -0.9948      0.00006552912098165
 -0.9739      0.00007567139472889
 -0.9529      0.00008729926200518
 -0.9320      0.00010061863532034
 -0.9111      0.00011586250418317
 -0.8901      0.00013329433614987
 -0.8692      0.00015321189128809
 -0.8482      0.00017595149974511
 -0.8273      0.00020189285840462
 -0.8063      0.00023146440939741
 -0.7854      0.00026514937142415
 -0.7645      0.00030349250410976
 -0.7435      0.00034710769601851
 -0.7226      0.00039668647971314
 -0.7016      0.00045300759178713
 -0.6807      0.00051694771329880
 -0.6597      0.00058949354725722
 -0.6388      0.00067175541568320
 -0.6178      0.00076498259108043
 -0.5969      0.00087058061802950
 -0.5760      0.00099013093330358
 -0.5550      0.00112541316181945
 -0.5341      0.00127843055779592
 -0.5131      0.00145143918488001
 -0.4922      0.00164698159998217
 -0.4712      0.00186792604353922
 -0.4503      0.00211751247472115
 -0.4294      0.00239940726865939
 -0.4084      0.00271776908377619
 -0.3875      0.00307732941433427
 -0.3665      0.00348349282906551
 -0.3456      0.00394246411313412
 -0.3246      0.00446141288099365
 -0.3037      0.00504869136297272
 -0.2827      0.00571412906868809
 -0.2618      0.00646944072153319
 -0.2409      0.00732880441007406
 -0.2199      0.00830970096080594
 -0.1990      0.00943416344525830
 -0.1780      0.01073068699729040
 -0.1571      0.01223723163318477
 -0.1361      0.01400609049575297
 -0.1152      0.01611205000638536
 -0.0942      0.01866657251305374
 -0.0733      0.02184342750166882
 -0.0524      0.02592697740393438
 -0.0314      0.03140719037812133
 -0.0105      0.03457836359926661
  0.0105      0.03141886100037956
  0.0314      0.02594623199411380
  0.0524      0.02186818828514306
  0.0733      0.01869556371456356
  0.0942      0.01614435171287568
  0.1152      0.01404096565681941
  0.1361      0.01227405492481361
  0.1571      0.01076891335392452
  0.1780      0.00947331278264939
  0.1990      0.00834934981281976
  0.2199      0.00736858061957662
  0.2409      0.00650901949417325
  0.2618      0.00575322961885548
  0.2827      0.00508707379683850
  0.3037      0.00449887516143300
  0.3246      0.00397883905063804
  0.3456      0.00351864509291585
  0.3665      0.00311115258190581
  0.3875      0.00275018275526871
  0.4084      0.00243035427605493
  0.4294      0.00214695621074877
  0.4503      0.00189584793201483
  0.4712      0.00167337872311294
  0.4922      0.00147632207797616
  0.5131      0.00130182117684804
  0.5341      0.00114734302531682
  0.5550      0.00101063943614391
  0.5760      0.00088971351276188
  0.5969      0.00078279062960453
  0.6178      0.00068829314310716
  0.6388      0.00060481823861006
  0.6597      0.00053111844323821
  0.6807      0.00046608442716676
  0.7016      0.00040872978482551
  0.7226      0.00035817754059202
  0.7435      0.00031364816434669
  0.7645      0.00027444891492910
  0.7854      0.00023996435519885
  0.8063      0.00020964790388940
  0.8273      0.00018301430684881
  0.8482      0.00015963292490130
  0.8692      0.00013912174820611
  0.8901      0.00012114205740773
  0.9111      0.00010539366133245
  0.9320      0.00009161064869029
  0.9529      0.00007955759855979
  0.9739      0.00006902620018609
  0.9948      0.00005983223838396
  1.0158      0.00005181290533849
  1.0367      0.00004482440393687
  1.0577      0.00003873981156987
  1.0786      0.00003344717647450
  1.0996      0.00002884782193164
  1.1205      0.00002485483600248
  1.1414      0.00002139172707279
  1.1624      0.00001839122737330
  1.1833      0.00001579422871241
  1.2043      0.00001354883618786
  1.2252      0.00001160952721360
  1.2462      0.00000993640450505
  1.2671      0.00000849453292262
  1.2881      0.00000725335106263
  1.3090      0.00000618614946905
  1.3299      0.00000526960827788
  1.3509      0.00000448338775116
  1.3718      0.00000380976588913
  1.3928      0.00000323331803505
  1.4137      0.00000274063367748
  1.4347      0.00000232006649156
  1.4556      0.00000196151378380
  1.4765      0.00000165622209637
  1.4975      0.00000139661605751
  1.5184      0.00000117614774521
  1.5394      0.00000098916436182
  1.5603      0.00000083079197434
  1.5813      0.00000069683360946
  1.6022      0.00000058367993280
  1.6232      0.00000048823105552
  1.6441      0.00000040782824060
  1.6650      0.00000034019421343
  1.6860      0.00000028338113104
  1.7069      0.00000023572527734
  1.7279      0.00000019580762649
  1.7488      0.00000016241960109
  1.7698      0.00000013453335063
  1.7907      0.00000011127603306
  1.8117      0.00000009190751346
  1.8326      0.00000007580114511
  1.8535      0.00000006242717161
  1.8745      0.00000005133841873
  1.8954      0.00000004215800614
  1.9164      0.00000003456879676
  1.9373      0.00000002830432790
  1.9583      0.00000002314107800
  1.9792      0.00000001889183088
  2.0001      0.00000001540003318
  2.0211      0.00000001253498596
  2.0420      0.00000001018773068
  2.0630      0.00000000826759199
  2.0839      0.00000000669923188
  2.1049      0.00000000542014992
  2.1258      0.00000000437857779
  2.1468      0.00000000353170788
  2.1677      0.00000000284420049
  2.1886      0.00000000228693256
  2.2096      0.00000000183592894
  2.2305      0.00000000147149267
  2.2515      0.00000000117747363
  2.2724      0.00000000094063967
  2.2934      0.00000000075017248
  2.3143      0.00000000059724308
  2.3353      0.00000000047465228
  2.3562      0.00000000037654569
  2.3771      0.00000000029816188
  2.3981      0.00000000023564732
  2.4190      0.00000000018587351
  2.4400      0.00000000014631514
  2.4609      0.00000000011493128
  2.4819      0.00000000009008309
  2.5028      0.00000000007044326
  2.5237      0.00000000005495424
  2.5447      0.00000000004276256
  2.5656      0.00000000003318657
  2.5866      0.00000000002568281
  2.6075      0.00000000001981589
  2.6285      0.00000000001523992
  2.6494      0.00000000001168068
  2.6704      0.00000000000892146
  2.6913      0.00000000000678404
  2.7122      0.00000000000513755
  2.7332      0.00000000000387175
  2.7541      0.00000000000290334
  2.7751      0.00000000000216416
  2.7960      0.00000000000160292
  2.8170      0.00000000000117819
  2.8379      0.00000000000085861
  2.8588      0.00000000000062064
  2.8798      0.00000000000044322
  2.9007      0.00000000000031227
  2.9217      0.00000000000021651
  2.9426      0.00000000000014795
  2.9636      0.00000000000009821
  2.9845      0.00000000000006310
  3.0055      0.00000000000003944
  3.0264      0.00000000000002310
  3.0473      0.00000000000001249
  3.0683      0.00000000000000629
  3.0892      0.00000000000000240
  3.1102      0.00000000000000074
