 -3.1102      0.00000000000055472
 -3.0892      0.00000000000001582
 -3.0683      0.00000000000136404
 -3.0473      0.00000000000201530
 -3.0264      0.00000000000339290
 -3.0055      0.00000000000562233
 -2.9845      0.00000000000686751
 -2.9636      0.00000000001120422
 -2.9426      0.00000000001747521
 -2.9217      0.00000000002069522
 -2.9007      0.00000000003191731
 -2.8798      0.00000000003812583
 -2.8588      0.00000000005921035
 -2.8379      0.00000000007641324
 -2.8170      0.00000000010176903
 -2.7960      0.00000000013496181
 -2.7751      0.00000000017799262
 -2.7541      0.00000000023544331
 -2.7332      0.00000000031340230
 -2.7122      0.00000000040131527
 -2.6913      0.00000000052556059
 -2.6704      0.00000000068182009
 -2.6494      0.00000000088278183
 -2.6285      0.00000000113528988
 -2.6075      0.00000000146400634
 -2.5866      0.00000000186757623
 -2.5656      0.00000000239684371
 -2.5447      0.00000000306076730
 -2.5237      0.00000000389060950
 -2.5028      0.00000000494185310
 -2.4819      0.00000000627014970
 -2.4609      0.00000000793855648
 -2.4400      0.00000001001455280
 -2.4190      0.00000001262921069
 -2.3981      0.00000001588816698
 -2.3771      0.00000001995734477
 -2.3562      0.00000002502901841
 -2.3353      0.00000003131798177
 -2.3143      0.00000003913584979
 -2.2934      0.00000004882357930
 -2.2724      0.00000006080727779
 -2.2515      0.00000007560514879
 -2.2305      0.00000009386437545
 -2.2096      0.00000011634124749
 -2.1886      0.00000014399125311
 -2.1677      0.00000017790526528
 -2.1468      0.00000021947356898
 -2.1258      0.00000027037033212
 -2.1049      0.00000033251360630
 -2.0839      0.00000040834553937
 -2.0630      0.00000050069284104
 -2.0420      0.00000061299677160
 -2.0211      0.00000074935612858
 -2.0001      0.00000091465569335
 -1.9792      0.00000111474442664
 -1.9583      0.00000135655762323
 -1.9373      0.00000164835126706
 -1.9164      0.00000199991376751
 -1.8954      0.00000242282707524
 -1.8745      0.00000293081121969
 -1.8535      0.00000354005798518
 -1.8326      0.00000426958447249
 -1.8117      0.00000514191564658
 -1.7907      0.00000618333721364
 -1.7698      0.00000742481443952
 -1.7488      0.00000890259573762
 -1.7279      0.00001065901673206
 -1.7069      0.00001274357746369
 -1.6860      0.00001521397799459
 -1.6650      0.00001813738772950
 -1.6441      0.00002159193305666
 -1.6232      0.00002566833613504
 -1.6022      0.00003047173947556
 -1.5813      0.00003612394761186
 -1.5603      0.00004276575927607
 -1.5394      0.00005055986009175
 -1.5184      0.00005969383279248
 -1.4975      0.00007038378022837
 -1.4765      0.00008287837285706
 -1.4556      0.00009746336558435
 -1.4347      0.00011446677702660
 -1.4137      0.00013426470528485
 -1.3928      0.00015728786055995
 -1.3718      0.00018402909709826
 -1.3509      0.00021505158745286
 -1.3299      0.00025099836691972
 -1.3090      0.00029260283342285
 -1.2881      0.00034070069590381
 -1.2671      0.00039624339991392
 -1.2462      0.00046031301008009
 -1.2252      0.00053413929356237
 -1.2043      0.00061911860018584
 -1.1833      0.00071683506238878
 -1.1624      0.00082908459809374
 -1.1414      0.00095790164666742
 -1.1205      0.00110558910647944
 -1.0996      0.00127475205323655
 -1.0786      0.00146833542799764
 -1.0577      0.00168966621914480
 -1.0367      0.00194250077642817
 -1.0158      0.00223107792524325
 -0.9948      0.00256017812876102
 -0.9739      0.00293519017590777
 -0.9529      0.00336218562842431
 -0.9320      0.00384800227507067
 -0.9111      0.00440033783401585
 -0.8901      0.00502785494290499
 -0.8692      0.00574029892959205
 -0.8482      0.00654863039495951
 -0.8273      0.00746517405163114
 -0.8063      0.00850378645830647
 -0.7854      0.00968004567400190
 -0.7645      0.01101146542363854
 -0.7435      0.01251773864420190
 -0.7226      0.01422101505521275
 -0.7016      0.01614621932771777
 -0.6807      0.01832141809712307
 -0.6597      0.02077824655665268
 -0.6388      0.02355240935301032
 -0.6178      0.02668427481005652
 -0.5969      0.03021958957313876
 -0.5760      0.03421035049081081
 -0.5550      0.03871588568368818
 -0.5341      0.04380421875861130
 -0.5131      0.04955382146046924
 -0.4922      0.05605590703492636
 -0.4712      0.06341748655508106
 -0.4503      0.07176551280717432
 -0.4294      0.08125259478056071
 -0.4084      0.09206500272764594
 -0.3875      0.10443405301330845
 -0.3665      0.11865253811764159
 -0.3456      0.13509878498628147
 -0.3246      0.15427241109217885
 -0.3037      0.17684830887364703
 -0.2827      0.20375955392193329
 -0.2618      0.23632716006424417
 -0.2409      0.27646747896408119
 -0.2199      0.32703162806843400
 -0.1990      0.39237580596245897
 -0.1780      0.47934778252523935
 -0.1571      0.59904808417336597
 -0.1361      0.77008278488101523
 -0.1152      1.02479068151636699
 -0.0942      1.42161926170162900
 -0.0733      2.07068836243279497
 -0.0524      3.18871750991404923
 -0.0314    108.72866561834119636
 -0.0105    242.39298482198364582
  0.0105    108.72775291356840910
  0.0314      3.19024917646531359
  0.0524      2.07195322936985971
  0.0733      1.42262315865951772
  0.0942      1.02559645243800568
  0.1152      0.77074885680261229
  0.1361      0.59961787332191496
  0.1571      0.47985144627720899
  0.1780      0.39283383049208181
  0.1990      0.32745781493111153
  0.2199      0.27687105499617681
  0.2409      0.23671420401512214
  0.2618      0.20413395873588949
  0.2827      0.17721244248408727
  0.3037      0.15462757940719063
  0.3246      0.13544556335837640
  0.3456      0.11899101204630665
  0.3665      0.10476399436286245
  0.3875      0.09238599875590674
  0.4084      0.08156414172384480
  0.4294      0.07206708319569932
  0.4503      0.06370857602298004
  0.4712      0.05633606566517479
  0.4922      0.04982267351378247
  0.5131      0.04406147383126249
  0.5341      0.03896134303764161
  0.5550      0.03444389904988621
  0.5760      0.03044120438398795
  0.5969      0.02689401139741131
  0.6178      0.02375039662927640
  0.6388      0.02096467893908755
  0.6597      0.01849654726040743
  0.6807      0.01631034600962812
  0.7016      0.01437448105089317
  0.7226      0.01266091914799419
  0.7435      0.01114476208294505
  0.7645      0.00980387991164531
  0.7854      0.00861859361977331
  0.8063      0.00757139809523750
  0.8273      0.00664671917895933
  0.8482      0.00583070005046142
  0.8692      0.00511101211655769
  0.8901      0.00447668801439597
  0.9111      0.00391797274393582
  0.9320      0.00342619217174730
  0.9529      0.00299363510395828
  0.9739      0.00261344893964262
  0.9948      0.00227954633474461
  1.0158      0.00198652179108091
  1.0367      0.00172957771385612
  1.0577      0.00150445779263592
  1.0786      0.00130738811654164
  1.0996      0.00113502415906914
  1.1205      0.00098440368765294
  1.1414      0.00085290463865533
  1.1624      0.00073820752942829
  1.1833      0.00063826185763265
  1.2043      0.00055125628920765
  1.2252      0.00047559169949097
  1.2462      0.00040985759643636
  1.2671      0.00035281074419146
  1.2881      0.00030335615617783
  1.3090      0.00026053033350127
  1.3299      0.00022348619480385
  1.3509      0.00019147956496257
  1.3718      0.00016385750077110
  1.3928      0.00014004739337775
  1.4137      0.00011954781210481
  1.4347      0.00010191997143798
  1.4556      0.00008678031166647
  1.4765      0.00007379399901888
  1.4975      0.00006266894391906
  1.5184      0.00005315074765791
  1.5394      0.00004501793911061
  1.5603      0.00003807816954407
  1.5813      0.00003216436063411
  1.6022      0.00002713170091845
  1.6232      0.00002285480626014
  1.6441      0.00001922523042447
  1.6650      0.00001614933281546
  1.6860      0.00001354635465461
  1.7069      0.00001134673753581
  1.7279      0.00000949068813300
  1.7488      0.00000792675529264
  1.7698      0.00000661098712639
  1.7907      0.00000550557717275
  1.8117      0.00000457828671795
  1.8326      0.00000380160679692
  1.8535      0.00000315202221160
  1.8745      0.00000260956396929
  1.8954      0.00000215726375919
  1.9164      0.00000178070071880
  1.9373      0.00000146767387584
  1.9583      0.00000120786049564
  1.9792      0.00000099255156594
  2.0001      0.00000081440637914
  2.0211      0.00000066722175855
  2.0420      0.00000054579877415
  2.0630      0.00000044581250580
  2.0839      0.00000036358415732
  2.1049      0.00000029607611287
  2.1258      0.00000024072460869
  2.1468      0.00000019541975606
  2.1677      0.00000015841040277
  2.1886      0.00000012819947422
  2.2096      0.00000010359198946
  2.2305      0.00000008357610091
  2.2515      0.00000006732162929
  2.2724      0.00000005413646865
  2.2934      0.00000004347641818
  2.3143      0.00000003484727767
  2.3353      0.00000002788720840
  2.3562      0.00000002227564032
  2.3771      0.00000001777223512
  2.3981      0.00000001414960758
  2.4190      0.00000001124496408
  2.4400      0.00000000891764999
  2.4609      0.00000000706831921
  2.4819      0.00000000557829620
  2.5028      0.00000000440470093
  2.5237      0.00000000346626534
  2.5447      0.00000000272091048
  2.5656      0.00000000213405847
  2.5866      0.00000000166720810
  2.6075      0.00000000130087411
  2.6285      0.00000000100897537
  2.6494      0.00000000079067201
  2.6704      0.00000000060361331
  2.6913      0.00000000046692500
  2.7122      0.00000000035832601
  2.7332      0.00000000028078881
  2.7541      0.00000000020640315
  2.7751      0.00000000016100606
  2.7960      0.00000000011929267
  2.8170      0.00000000009011925
  2.8379      0.00000000007047902
  2.8588      0.00000000004885608
  2.8798      0.00000000003702761
  2.9007      0.00000000002668513
  2.9217      0.00000000002104618
  2.9426      0.00000000001378432
  2.9636      0.00000000000845708
  2.9845      0.00000000000862157
  3.0055      0.00000000000421777
  3.0264      0.00000000000207138
  3.0473      0.00000000000292822
  3.0683      0.00000000000044049
  3.0892      0.00000000000066296
  3.1102      0.00000000000016210
